1257.5
515.0
-640.0
335.0
15.0
-242.5
22.5
1180.0
850.0
315.0
1100.0
-175.0
257.5
122.5
-1017.5
555.0
450.0
-627.5
-720.0
-167.5
1377.5
607.5
-262.5
-805.0
1130.0
-130.0
567.5
-617.5
-810.0
512.5
-415.0
-335.0
1832.5
75.0
567.5
55.0
897.5
-560.0
-1367.5
142.5
-667.5
-917.5
102.5
610.0
-272.5
-555.0
575.0
815.0
270.0
-825.0
85.0
1247.5
405.0
-1577.5
587.5
-925.0
550.0
12.5
-215.0
765.0
-1382.5
747.5
1392.5
-452.5
185.0
-120.0
-1025.0
550.0
-390.0
1385.0
-287.5
432.5
1922.5
270.0
692.5
760.0
-460.0
960.0
-565.0
822.5
277.5
-427.5
-1412.5
-660.0
-30.0
-545.0
-727.5
1240.0
127.5
260.0
-417.5
-407.5
-300.0
-42.5
1930.0
25.0
-382.5
842.5
252.5
-485.0
612.5
-1050.0
2012.5
-365.0
285.0
355.0
387.5
2595.0
0.0
667.5
-1162.5
1380.0
-225.0
305.0
-405.0
-730.0
-437.5
-342.5
1407.5
335.0
-1022.5
-675.0
277.5
-2300.0
-1160.0
157.5
-505.0
807.5
160.0
-192.5
232.5
670.0
-107.5
-362.5
-825.0
-510.0
-147.5
680.0
262.5
325.0
-185.0
92.5
-350.0
-180.0
395.0
-250.0
190.0
-37.5
1427.5
-770.0
-502.5
-207.5
147.5
-565.0
157.5
1245.0
232.5
202.5
455.0
-32.5
-775.0
600.0
240.0
-1005.0
-1290.0
-297.5
1067.5
-357.5
-137.5
415.0
197.5
1327.5
-157.5
-25.0
60.0
245.0
665.0
837.5
-392.5
1752.5
600.0
1287.5
505.0
210.0
760.0
177.5
32.5
-270.0
-662.5
-1202.5
-125.0
-132.5
-167.5
-825.0
642.5
-495.0
-85.0
105.0
-415.0
80.0
360.0
-425.0
1380.0
-417.5
0.0
482.5
-482.5
82.5
167.5
560.0
-1177.5
-397.5
-842.5
180.0
-530.0
645.0
997.5
927.5
1617.5
25.0
220.0
915.0
595.0
282.5
560.0
92.5
55.0
-755.0
315.0
665.0
-265.0
217.5
-347.5
-85.0
-240.0
1470.0
70.0
717.5
147.5
1190.0
-365.0
465.0
397.5
872.5
-432.5
1172.5
1205.0
5.0
1002.5
245.0
790.0
-985.0
-17.5
882.5
1497.5
-237.5
30.0
-900.0
465.0
-142.5
90.0
1477.5
-267.5
750.0
-345.0
-237.5
722.5
907.5
2170.0
-57.5
-242.5
495.0
-1180.0
-722.5
-3020.0
-1860.0
-545.0
22.5
1112.5
-455.0
-167.5
-170.0
312.5
712.5
1790.0
12.5
1872.5
-1925.0
-392.5
782.5
-22.5
915.0
-10.0
427.5
407.5
-135.0
602.5
1425.0
350.0
-1047.5
270.0
-37.5
812.5
-2.5
817.5
390.0
-250.0
-217.5
142.5
817.5
900.0
152.5
230.0
-677.5
477.5
437.5
347.5
-405.0
612.5
115.0
-20.0
-30.0
652.5
750.0
402.5
-935.0
255.0
85.0
215.0
215.0
160.0
125.0
252.5
415.0
360.0
595.0
845.0
-32.5
230.0
-205.0
882.5
-77.5
-1007.5
360.0
625.0
-707.5
875.0
-132.5
-325.0
-617.5
1175.0
-67.5
720.0
-195.0
330.0
-650.0
-400.0
145.0
935.0
-652.5
-82.5
-25.0
-910.0
-85.0
10.0
535.0
1067.5
642.5
602.5
167.5
-82.5
187.5
507.5
400.0
660.0
-692.5
1007.5
-1595.0
85.0
335.0
207.5
70.0
280.0
-70.0
1852.5
-1620.0
387.5
702.5
70.0
-437.5
740.0
-505.0
5.0
617.5
1472.5
502.5
385.0
-322.5
550.0
-72.5
562.5
240.0
-7.5
742.5
385.0
742.5
-157.5
472.5
40.0
442.5
1757.5
972.5
1797.5
645.0
-480.0
-885.0
-697.5
-105.0
-340.0
-347.5
-282.5
-1062.5
-162.5
452.5
300.0
282.5
-230.0
-665.0
445.0
20.0
-675.0
510.0
477.5
-730.0
320.0
567.5
-1002.5
990.0
-330.0
-800.0
897.5
-767.5
715.0
-180.0
345.0
967.5
482.5
95.0
477.5
-472.5
180.0
-242.5
-835.0
47.5
617.5
357.5
-282.5
1267.5
-427.5
-717.5
252.5
860.0
-275.0
-10.0
437.5
-275.0
272.5
530.0
360.0
-217.5
485.0
-385.0
-1535.0
-1110.0
-435.0
197.5
412.5
757.5
-92.5
-605.0
560.0
-385.0
-192.5
410.0
-200.0
-767.5
-585.0
-380.0
1532.5
950.0
610.0
-312.5
-60.0
1892.5
430.0
-137.5
637.5
50.0
325.0
400.0
