(0,0,1) [1.0,0.9999999999999927]
(0,0,0) [-0.9999999999999877,-1.0]
(1,0,1) [0.0,0.0]
(1,1,1) [1.4999999999999594,1.5]
(2,0,1) [0,0]
(2,0,2) [0,0]
(2,0,3) [0,0]
(2,0,4) [0,0]
(2,0,5) [0,0]
(2,0,6) [0,0]
(2,0,7) [0,0]
(2,0,8) [0,0]
(2,0,9) [0,0]
(2,0,10) [0,0]
(2,1,1) [-0.2303006680215498,-0.7439877271307233]
(2,1,2) [0.1023314516809291,-0.2925005285849479]
(2,1,3) [0.11476698990186211,-0.24369363675426078]
(2,1,4) [0.13225252912040372,-0.1881336023010016]
(2,1,5) [0.16059035580064995,-0.16569156175227953]
(2,1,6) [0.1838887310848642,-0.13773672299366452]
(2,1,7) [0.16436649324566596,-0.4579196122635693]
(2,1,8) [0.1036258585026172,-0.47527586225771723]
(2,1,9) [0.007957198480167136,-0.5234346498212094]
(2,1,10) [-0.10119126571229711,-0.5503354655674372]
(3,0,1) [0,0]
(3,0,2) [0,0]
(3,0,3) [0,0]
(3,0,4) [0,0]
(3,0,5) [0,0]
(3,0,6) [0,0]
(3,0,7) [0,0]
(3,0,8) [0,0]
(3,0,9) [0,0]
(3,0,10) [0,0]
(3,1,1) [-0.2577957981173291,-0.7504212479715577]
(3,1,2) [0.05655249201483701,-0.2864393803409863]
(3,1,3) [0.08511947870441318,-0.24604946281497722]
(3,1,4) [0.11287805224918435,-0.2053107842220049]
(3,1,5) [0.1398102268598254,-0.14524704188170848]
(3,1,6) [0.16737254679394376,-0.14846951798938143]
(3,1,7) [0.12300007112806384,-0.45951059018391244]
(3,1,8) [0.061963083979100414,-0.49615696404383575]
(3,1,9) [-0.020212229901794027,-0.5241002092754177]
(3,1,10) [-0.13652831711050453,-0.5554632205601973]
(4,0,1) [-0.4038535181819712,-0.7426204368615991]
(4,0,2) [-0.1001192095735418,-0.2892521169513532]
(4,0,3) [-0.07358129938678912,-0.25096058812986005]
(4,0,4) [-0.035507321338439,-0.2214125080160229]
(4,0,5) [-0.006442716449828445,-0.16605891719904003]
(4,0,6) [0.01259485555239643,-0.1537030367998611]
(4,0,7) [-0.07426296230762938,-0.453598272920674]
(4,0,8) [-0.1364355727783282,-0.5045744402501965]
(4,0,9) [-0.21626845398102693,-0.51811934914798]
(4,0,10) [-0.30095386919651396,-0.5572351365917795]
(4,1,1) [-0.28576678285451523,-0.7542817475397071]
(4,1,2) [0.0344138854850348,-0.27959823473773326]
(4,1,3) [0.06225521923842322,-0.24329481938087621]
(4,1,4) [0.08526184220339908,-0.19912917261486543]
(4,1,5) [0.11930659839180961,-0.15982292814323823]
(4,1,6) [0.1438788779855825,-0.15171374979684119]
(4,1,7) [0.08176904389371417,-0.45849503927912527]
(4,1,8) [0.02382948157957709,-0.48831227515781817]
(4,1,9) [-0.060164000953681636,-0.5275301085733486]
(4,1,10) [-0.1655309714696662,-0.5564964654758764]
(5,0,1) [-0.42736880246423653,-0.7510073018053965]
(5,0,2) [-0.11210142164460962,-0.29080247077435184]
(5,0,3) [-0.08295197061102923,-0.24483296081018713]
(5,0,4) [-0.04935475550488594,-0.19671591600432314]
(5,0,5) [-0.01668121014342859,-0.15837572863510932]
(5,0,6) [0.003648423106474174,-0.13828209819643825]
(5,0,7) [-0.10930072327733771,-0.4530628443569234]
(5,0,8) [-0.17150260755418434,-0.49094825275342335]
(5,0,9) [-0.2436201325533421,-0.5239782713084455]
(5,0,10) [-0.32419203049317313,-0.5584987831586326]
(5,1,1) [-0.3179781254547809,-0.7413149208937879]
(5,1,2) [0.009255178506001735,-0.27557596710842464]
(5,1,3) [0.03416879271564983,-0.23888100721504954]
(5,1,4) [0.06593304702450332,-0.20317154167194598]
(5,1,5) [0.09770212861985102,-0.1691560420973705]
(5,1,6) [0.11980732926923499,-0.139596876611847]
(5,1,7) [0.04565203644582805,-0.45651785270295464]
(5,1,8) [-0.014081831509699643,-0.49864044304548183]
(5,1,9) [-0.0889964798140252,-0.5230906051950248]
(5,1,10) [-0.20040604981811483,-0.55853466534228]
(6,0,1) [-0.4451407213443501,-0.74495765423384]
(6,0,2) [-0.1262583411939872,-0.3002334066439203]
(6,0,3) [-0.09587748564476734,-0.24690348142364643]
(6,0,4) [-0.06279045291859726,-0.19816510421716735]
(6,0,5) [-0.026797692914576968,-0.15562927527463194]
(6,0,6) [-0.009614182198704035,-0.15010526124015564]
(6,0,7) [-0.14065298092646625,-0.46391790030544333]
(6,0,8) [-0.19995127291611847,-0.49101550633934093]
(6,0,9) [-0.2704758756242889,-0.5299425676419943]
(6,0,10) [-0.34755840356969014,-0.5604236181688326]
(6,1,1) [-0.34640226619198244,-0.7537437077213495]
(6,1,2) [-0.008421954452220097,-0.28970659846398195]
(6,1,3) [0.010848068783066609,-0.2513990969132125]
(6,1,4) [0.04855993003377293,-0.20993290414635227]
(6,1,5) [0.0809401398607478,-0.15312043376703027]
(6,1,6) [0.10990529783501607,-0.15019349642574298]
(6,1,7) [0.0030323422223687405,-0.460488821569633]
(6,1,8) [-0.055198043856811804,-0.48988243151893807]
(6,1,9) [-0.13316295078249352,-0.5200011118181722]
(6,1,10) [-0.23325603923002472,-0.5526234454202945]
(7,0,1) [-0.45932397820080945,-0.7450966325039792]
(7,0,2) [-0.09989207158642396,-0.2737751677081268]
(7,0,3) [-0.06925568441759218,-0.24473709769890192]
(7,0,4) [-0.03755006421010394,-0.2023229250418867]
(7,0,5) [-0.0021035904621494565,-0.15495991511555077]
(7,0,6) [0.02853472585183445,-0.14709401889456755]
(7,0,7) [-0.06209471614631813,-0.463018407372545]
(7,0,8) [-0.19703704690108964,-0.4989541036748523]
(7,0,9) [-0.26277144333244656,-0.520547057538974]
(7,0,10) [-0.3353181872268788,-0.559718136481978]
(7,1,1) [-0.36639102089621467,-0.6311120895202186]
(7,1,2) [0.010794853707196406,-0.14458608412709015]
(7,1,3) [0.034435330736791676,-0.11680775781174885]
(7,1,4) [0.06604740722380369,-0.0748265010803831]
(7,1,5) [0.10233842330585549,-0.03377797785810716]
(7,1,6) [0.1295438142227068,0.020356114904178716]
(7,1,7) [0.054480498830092365,-0.10160095153095318]
(7,1,8) [-0.06022740210954077,-0.36941339473928436]
(7,1,9) [-0.12816745116028444,-0.39543790970225023]
(7,1,10) [-0.22234713316395724,-0.44818488383466276]
(8,0,1) [-0.3907348728216919,-0.742125963564218]
(8,0,2) [-0.014498257350574176,-0.28381232098135273]
(8,0,3) [0.01227423332341703,-0.23690547689067354]
(8,0,4) [0.04339245864290279,-0.20340354876310832]
(8,0,5) [0.0713868528563535,-0.1619933485162512]
(8,0,6) [0.11162378706967793,-0.14262452610476142]
(8,0,7) [0.08287765277606235,-0.45548753968691713]
(8,0,8) [-0.05396693558301231,-0.5006797625770157]
(8,0,9) [-0.19302315689065624,-0.5282059902177221]
(8,0,10) [-0.2778860556879346,-0.5570818729820131]
(8,1,1) [-0.30793324214825774,-0.36187482460147713]
(8,1,2) [0.06761924375040232,0.11767553452303497]
(8,1,3) [0.09564983631073258,0.1401047165574474]
(8,1,4) [0.12529562258032162,0.17242970840751304]
(8,1,5) [0.15340592891215385,0.19873887971828003]
(8,1,6) [0.18753518787193305,0.2682988836975084]
(8,1,7) [0.16957417387448367,0.3951851714205355]
(8,1,8) [0.04245828288849521,0.1050437290968358]
(8,1,9) [-0.09103807995106843,-0.17500070651695782]
(8,1,10) [-0.1800154419836821,-0.23761156736252637]
(9,0,1) [-0.3095743923211645,-0.7474334071671341]
(9,0,2) [0.07487164317469062,-0.2748189724933884]
(9,0,3) [0.10131671690769452,-0.24124379831969855]
(9,0,4) [0.12854853271792518,-0.19711780808214535]
(9,0,5) [0.15762107445251006,-0.15968115420249693]
(9,0,6) [0.1877662473362607,-0.1423074821916895]
(9,0,7) [0.1666618381762923,-0.4645827851506073]
(9,0,8) [0.0985899964726786,-0.4972834106789326]
(9,0,9) [-0.043545871011561224,-0.5250287291786672]
(9,0,10) [-0.19537547988039908,-0.5575737847910771]
(9,1,1) [-0.2512185363787443,-0.09682642222355387]
(9,1,2) [0.12234966919139945,0.37384748353090447]
(9,1,3) [0.1508870537912505,0.39234100624635854]
(9,1,4) [0.17712114026183015,0.40249458952500866]
(9,1,5) [0.20078615756861998,0.42032589784618307]
(9,1,6) [0.2397973186029614,0.494587236966412]
(9,1,7) [0.21776895281681125,0.5975448881882932]
(9,1,8) [0.14676954875622278,0.5724395230952907]
(9,1,9) [0.016474530433679326,0.28216890458204297]
(9,1,10) [-0.13519093672769872,-0.015748103100840422]
(10,0,1) [-0.1987294645230795,-0.7479933406511386]
(10,0,2) [0.182064989892392,-0.2756217561863465]
(10,0,3) [0.2082940229306061,-0.24001981174798667]
(10,0,4) [0.23267257177700731,-0.19921292947827549]
(10,0,5) [0.2549530134092742,-0.16058641203605187]
(10,0,6) [0.28379558536625055,-0.13810839476528747]
(10,0,7) [0.2498000513541059,-0.4585876251496745]
(10,0,8) [0.19556288267373542,-0.4935138694305604]
(10,0,9) [0.11801244209102701,-0.532339803683576]
(10,0,10) [-0.03242328891168142,-0.5569231181210089]
(10,1,1) [-0.19990189019765092,0.15108200229086963]
(10,1,2) [0.1848343183616517,0.6251511311891985]
(10,1,3) [0.2031604024481046,0.6302874237327968]
(10,1,4) [0.23495821158960994,0.6400917881361062]
(10,1,5) [0.25690268580114217,0.6534166931596205]
(10,1,6) [0.2758930671462119,0.6772799065169469]
(10,1,7) [0.250798604661031,0.744883449142946]
(10,1,8) [0.1929019175218564,0.7625106028840456]
(10,1,9) [0.12182260207638115,0.7396650205992158]
(10,1,10) [-0.036588375443240256,0.4243678591682792]
(11,0,1) [-0.07009603903411564,-0.7470425872886914]
(11,0,2) [0.2695666451494532,-0.2816751281456194]
(11,0,3) [0.2904270684657467,-0.24135088106195304]
(11,0,4) [0.31091599946907167,-0.2017866601637687]
(11,0,5) [0.3356416999068694,-0.15957886493641057]
(11,0,6) [0.3544707640001058,-0.1414907560493896]
(11,0,7) [0.31152843466347846,-0.4692017810592164]
(11,0,8) [0.24734685757113598,-0.5031561306151476]
(11,0,9) [0.18102225299763852,-0.5283269110761762]
(11,0,10) [0.07729159204740088,-0.5598585328234195]
(11,1,1) [0,0]
(11,1,2) [0,0]
(11,1,3) [0,0]
(11,1,4) [0,0]
(11,1,5) [0,0]
(11,1,6) [0,0]
(11,1,7) [0,0]
(11,1,8) [0,0]
(11,1,9) [0,0]
(11,1,10) [0,0]
(12,0,1) [-0.490447085101554,-0.7450577671258194]
(12,0,2) [-0.23524749028415523,-0.2849503556066435]
(12,0,3) [-0.21851713966555406,-0.24123200758077742]
(12,0,4) [-0.19842697089002098,-0.20588698170029637]
(12,0,5) [-0.182902916175845,-0.16071089872018665]
(12,0,6) [-0.16003753874708945,-0.14842451336207052]
(12,0,7) [-0.20214377904791342,-0.46355836979047627]
(12,0,8) [-0.25801220706862465,-0.49820413366385036]
(12,0,9) [-0.3250739483030838,-0.5250268583562806]
(12,0,10) [-0.39521844982740856,-0.5591385392902619]
(12,1,1) [-0.49137242955146726,-0.7514075798115554]
(12,1,2) [-0.23939752899522576,-0.2854327015984802]
(12,1,3) [-0.22705398492509957,-0.22607562334125839]
(12,1,4) [-0.18885166445902693,-0.21882919423262026]
(12,1,5) [-0.17926689696002657,-0.1681196414259602]
(12,1,6) [-0.16622068546457003,-0.14831925845103905]
(12,1,7) [-0.20261222874062054,-0.4514740969547338]
(12,1,8) [-0.2556650437660859,-0.49210622273255855]
(12,1,9) [-0.33402139617902604,-0.5228972949521866]
(12,1,10) [-0.39756883953560146,-0.557944841743148]
(13,0,1) [-0.5252822485970774,-0.7478995877798359]
(13,0,2) [-0.29077284967404654,-0.2828269281569007]
(13,0,3) [-0.27356134984282177,-0.2468225674471607]
(13,0,4) [-0.25698116099617635,-0.19599098672255766]
(13,0,5) [-0.24576583619741615,-0.15998081051955856]
(13,0,6) [-0.22607984768805056,-0.14697653479119965]
(13,0,7) [-0.25638989768996473,-0.4628773300328297]
(13,0,8) [-0.31517238993985836,-0.5022641109999144]
(13,0,9) [-0.3666498880816668,-0.5279476944477504]
(13,0,10) [-0.43818974593824295,-0.5579032502868477]
(13,1,1) [-0.5251995094591072,-0.7525003103599762]
(13,1,2) [-0.3057296130511735,-0.28860907119202645]
(13,1,3) [-0.264274642654725,-0.23558414269827044]
(13,1,4) [-0.2615079296390615,-0.19532633070862937]
(13,1,5) [-0.23559959665695884,-0.1565310251566219]
(13,1,6) [-0.2231873693362738,-0.14716995457699159]
(13,1,7) [-0.27256177083721883,-0.45611982696835485]
(13,1,8) [-0.31946721958391777,-0.50088616554913]
(13,1,9) [-0.35644278766706744,-0.524345222303732]
(13,1,10) [-0.444035385574309,-0.5546736221924474]
(14,0,1) [-0.5597997108265854,-0.7468327157650227]
(14,0,2) [-0.3472522142526254,-0.28290855479642113]
(14,0,3) [-0.33672514046431706,-0.2443212596269018]
(14,0,4) [-0.31610554105077004,-0.20606054515748098]
(14,0,5) [-0.31089283270830176,-0.15663728571721938]
(14,0,6) [-0.28968277352536376,-0.15177885489562504]
(14,0,7) [-0.31207942813920747,-0.4621807789119647]
(14,0,8) [-0.35621627670791434,-0.49524450936094583]
(14,0,9) [-0.4137745072346774,-0.5277265283417496]
(14,0,10) [-0.4774212703340895,-0.5594121779254991]
(14,1,1) [-0.5497749767929956,-0.7550774490785711]
(14,1,2) [-0.338800261059562,-0.27745181162676835]
(14,1,3) [-0.338269832280121,-0.2453302915976778]
(14,1,4) [-0.32199897333406174,-0.20475763984494455]
(14,1,5) [-0.30301302319678247,-0.15541410781797171]
(14,1,6) [-0.292487664596707,-0.15200581057286391]
(14,1,7) [-0.30730688286068236,-0.46154916421448966]
(14,1,8) [-0.3514545601505029,-0.503554624583782]
(14,1,9) [-0.4107991312204197,-0.5268803538494222]
(14,1,10) [-0.4756663834392943,-0.5589522967696469]
(15,0,1) [-0.588988348056989,-0.7478180268529093]
(15,0,2) [-0.39962694372788454,-0.2835610052391278]
(15,0,3) [-0.3881519523875114,-0.24678349354013515]
(15,0,4) [-0.37965064101999046,-0.19720586324957146]
(15,0,5) [-0.37120158343818055,-0.15767571234506475]
(15,0,6) [-0.35422935109423875,-0.14859003927065445]
(15,0,7) [-0.3567406530788615,-0.4624337854784684]
(15,0,8) [-0.4002209123089889,-0.49885328136091184]
(15,0,9) [-0.4519855271198604,-0.5254398532350845]
(15,0,10) [-0.5140329117121979,-0.5576506439150649]
(15,1,1) [-0.5862271984124222,-0.7492448421730229]
(15,1,2) [-0.40135532621904013,-0.2792081861333996]
(15,1,3) [-0.3816587274075512,-0.2504022780842679]
(15,1,4) [-0.3838913820345209,-0.17553665724814607]
(15,1,5) [-0.37083883903467013,-0.15461850822410536]
(15,1,6) [-0.3550004924141841,-0.14077503957875948]
(15,1,7) [-0.3568639666713324,-0.47213249994834616]
(15,1,8) [-0.3960089830322446,-0.49299749233858575]
(15,1,9) [-0.452994854509102,-0.5293361003728195]
(15,1,10) [-0.5188741306649975,-0.5544160056197129]
(16,0,1) [-0.6175288076712069,-0.7451958657905499]
(16,0,2) [-0.4508336540272453,-0.2862479077180071]
(16,0,3) [-0.44340637755264106,-0.2455690054985992]
(16,0,4) [-0.43517561257338233,-0.2061945392770519]
(16,0,5) [-0.43296833835166904,-0.15928722394453082]
(16,0,6) [-0.4093153523442963,-0.15022486060273033]
(16,0,7) [-0.39567028228093704,-0.4612523042227028]
(16,0,8) [-0.4414091732743333,-0.5018087994947928]
(16,0,9) [-0.4886566441543995,-0.5246869057196417]
(16,0,10) [-0.5459186929846551,-0.5573509825669272]
(16,1,1) [-0.6176927974770621,-0.7389055740891723]
(16,1,2) [-0.4358673446589253,-0.28008489636203177]
(16,1,3) [-0.4410020028106028,-0.25322332746467235]
(16,1,4) [-0.43578341332738507,-0.19974936404243615]
(16,1,5) [-0.44193030279651685,-0.15363855786663977]
(16,1,6) [-0.4047631615011519,-0.1344419176261463]
(16,1,7) [-0.398961939135969,-0.4587524296243402]
(16,1,8) [-0.45448176670347473,-0.4922205378044825]
(16,1,9) [-0.49554157756195477,-0.5300950052057847]
(16,1,10) [-0.5523567355649722,-0.5566803454787574]
(17,0,1) [-0.6487691180650156,-0.6195999120804617]
(17,0,2) [-0.5148658374955828,-0.15067985384278332]
(17,0,3) [-0.5097731235725913,-0.11297644531197752]
(17,0,4) [-0.5096160491098081,-0.08352789720447099]
(17,0,5) [-0.4976310167227797,-0.04266203004105043]
(17,0,6) [-0.4865942352619088,0.013079404639507882]
(17,0,7) [-0.4610970504047328,-0.10484279011142786]
(17,0,8) [-0.48541198667587315,-0.3774747903481798]
(17,0,9) [-0.5285236826411758,-0.4077430874882913]
(17,0,10) [-0.5880190784737971,-0.44677053681978435]
(17,1,1) [-0.6415468140201581,-0.6259685456475705]
(17,1,2) [-0.5147803354036486,-0.14638794626871537]
(17,1,3) [-0.507454038330636,-0.10756241656032502]
(17,1,4) [-0.5014653569511635,-0.07571659319352855]
(17,1,5) [-0.4959838155025627,-0.024288498185188436]
(17,1,6) [-0.4992455401488793,0.006593273342861589]
(17,1,7) [-0.47040887058333575,-0.10956254592031675]
(17,1,8) [-0.483442506578032,-0.37134223278184164]
(17,1,9) [-0.5418716704986665,-0.40291680873751573]
(17,1,10) [-0.5851855703159208,-0.44510923106798084]
(18,0,1) [-0.6943994382884243,-0.3673855562777248]
(18,0,2) [-0.598499572648089,0.11890993546912858]
(18,0,3) [-0.6020481135204255,0.14398395585833423]
(18,0,4) [-0.5867191971264516,0.17307824364483892]
(18,0,5) [-0.5873347248032835,0.19326180345992733]
(18,0,6) [-0.5796964516489467,0.27254903132881514]
(18,0,7) [-0.5677443503118911,0.3857977004374586]
(18,0,8) [-0.5690729357803873,0.10190239747490891]
(18,0,9) [-0.5964545182012009,-0.18054341744432412]
(18,0,10) [-0.6458032028423968,-0.23293841176150445]
(18,1,1) [-0.7020701936688915,-0.36976339270167136]
(18,1,2) [-0.5989628834092517,0.11026370931808373]
(18,1,3) [-0.6123808036893076,0.1417871909026459]
(18,1,4) [-0.5995689938533454,0.17155315305306007]
(18,1,5) [-0.5935408138126693,0.20684940518345984]
(18,1,6) [-0.5878837396264582,0.27469193524259256]
(18,1,7) [-0.5705890883207538,0.3903394110330108]
(18,1,8) [-0.5731417017158678,0.10596061865608211]
(18,1,9) [-0.6036115154604957,-0.17238328549828988]
(18,1,10) [-0.6482905025871336,-0.23628114725899235]
(19,0,1) [-0.759968639709017,-0.11458015732200348]
(19,0,2) [-0.7029438503434562,0.3715242843230754]
(19,0,3) [-0.6972455525702446,0.3881484870518015]
(19,0,4) [-0.6957617072929978,0.41008329148348377]
(19,0,5) [-0.69403945666227,0.4297059501365625]
(19,0,6) [-0.6956977311141017,0.48219226593717723]
(19,0,7) [-0.6881258069674024,0.5956391328563229]
(19,0,8) [-0.6868984891716631,0.5796077627577806]
(19,0,9) [-0.6893547841844474,0.2757583820453948]
(19,0,10) [-0.7179328022565663,-0.01689385211696935]
(19,1,1) [-0.7655852184236573,-0.09854302968437384]
(19,1,2) [-0.7071566735222643,0.36565805112067884]
(19,1,3) [-0.6990866237250398,0.3913245970973808]
(19,1,4) [-0.697850400633666,0.41961746287781]
(19,1,5) [-0.6979860708464485,0.4287779226461695]
(19,1,6) [-0.7061498605184252,0.4748140462686266]
(19,1,7) [-0.7016768860536692,0.5993608920182688]
(19,1,8) [-0.6884873457797358,0.5685679872688884]
(19,1,9) [-0.6934202379527582,0.2807360742444507]
(19,1,10) [-0.7206229854307125,-0.024637982765246556]
(20,0,1) [-0.8464477537843341,0.13939331087741544]
(20,0,2) [-0.8189878534546908,0.6186697244534597]
(20,0,3) [-0.8202198438307798,0.6297846337048071]
(20,0,4) [-0.8192644908642852,0.6422484955652591]
(20,0,5) [-0.8193979336900117,0.6510302114066295]
(20,0,6) [-0.8206292726720683,0.682213800958914]
(20,0,7) [-0.8189354504177995,0.7492877497301705]
(20,0,8) [-0.8193338330792836,0.7654595733557265]
(20,0,9) [-0.8192874858278191,0.7347322472815357]
(20,0,10) [-0.8255125417628599,0.42213463253347044]
(20,1,1) [-0.8531757637774658,0.1480287245607103]
(20,1,2) [-0.8186542819627867,0.6210419662730234]
(20,1,3) [-0.8160024675960725,0.635185261145768]
(20,1,4) [-0.8216143210994963,0.6481198309328182]
(20,1,5) [-0.814105703358092,0.653690197959088]
(20,1,6) [-0.8217347067723825,0.6774037996720987]
(20,1,7) [-0.8243011582782325,0.7554941125761496]
(20,1,8) [-0.82410791312001,0.7691258466258899]
(20,1,9) [-0.8298466555279431,0.7389553171794402]
(20,1,10) [-0.8314775875663494,0.42393983797283347]

(0,0,1) 0
(0,0,0) 0
(1,0,1) 0
(1,1,1) 0
(2,0,1) -1.4921430216232052
(2,0,2) -0.5686510988695415
(2,0,3) -0.4858356291109222
(2,0,4) -0.40753786319844426
(2,0,5) -0.3176852696427689
(2,0,6) -0.29167433010458677
(2,0,7) -0.9223386500535106
(2,0,8) -0.9952459961567239
(2,0,9) -1.0508763573067808
(2,0,10) -1.1168200555138441
(2,1,1) -0.9298651196041546
(2,1,2) -0.06168660337369218
(2,1,3) 0.009538232159339188
(2,1,4) 0.05343513929270696
(2,1,5) 0.1290582278881212
(2,1,6) 0.1811186873010888
(2,1,7) -0.1699840206667291
(2,1,8) -0.3032056222091415
(2,1,9) -0.43614090857056287
(2,1,10) -0.5895498244463063
(3,0,1) -1.4948607312306565
(3,0,2) -0.5656300809084747
(3,0,3) -0.48735547764666826
(3,0,4) -0.39810846045477954
(3,0,5) -0.3186556565627941
(3,0,6) -0.29047029842553845
(3,0,7) -0.9232956326588074
(3,0,8) -0.9955575213677845
(3,0,9) -1.0542641654409517
(3,0,10) -1.1165116696062294
(3,1,1) -0.9306893125324133
(3,1,2) -0.06348641870164276
(3,1,3) 0.006759734012519323
(3,1,4) 0.06581868453660668
(3,1,5) 0.1326708225855215
(3,1,6) 0.18184906807563223
(3,1,7) -0.17160654787062224
(3,1,8) -0.30798547297145057
(3,1,9) -0.4368468770448631
(3,1,10) -0.5879185541355599
(4,0,1) -1.4917311883490056
(4,0,2) -0.5638344957256012
(4,0,3) -0.4854432565989932
(4,0,4) -0.4048154871493962
(4,0,5) -0.31828090219805943
(4,0,6) -0.29289904362976443
(4,0,7) -0.924072724138234
(4,0,8) -0.99456761668752
(4,0,9) -1.0540557431851019
(4,0,10) -1.117662189229187
(4,1,1) -0.9320011767931283
(4,1,2) -0.05800669534675981
(4,1,3) 0.001948361871746394
(4,1,4) 0.06059985459214139
(4,1,5) 0.13386460294570868
(4,1,6) 0.17957220211199532
(4,1,7) -0.17458226120504822
(4,1,8) -0.31156204628374595
(4,1,9) -0.43791697549303904
(4,1,10) -0.5902711472163857
(5,0,1) -1.4945381256890504
(5,0,2) -0.563744585153122
(5,0,3) -0.48848707253043183
(5,0,4) -0.4016213449621783
(5,0,5) -0.3166079958324639
(5,0,6) -0.29282442070199255
(5,0,7) -0.9245720893288829
(5,0,8) -0.9960916289175086
(5,0,9) -1.0518323227076012
(5,0,10) -1.1155131436588708
(5,1,1) -0.9305291922642959
(5,1,2) -0.05937613266135504
(5,1,3) -0.0021650581788672093
(5,1,4) 0.0783379826250945
(5,1,5) 0.13646834643107242
(5,1,6) 0.18457437903744162
(5,1,7) -0.18186913111996533
(5,1,8) -0.3058213774464406
(5,1,9) -0.44001124237734474
(5,1,10) -0.5875438344206367
(6,0,1) -1.4744767613657213
(6,0,2) -0.5445773440930644
(6,0,3) -0.46734816554175873
(6,0,4) -0.3855799971547377
(6,0,5) -0.29965713240453395
(6,0,6) -0.2678222198365262
(6,0,7) -0.8685415636433723
(6,0,8) -0.9793612002162668
(6,0,9) -1.0329581386335112
(6,0,10) -1.098943189882702
(6,1,1) -0.9234744325898763
(6,1,2) -0.05830050628965444
(6,1,3) -0.0037477318238938228
(6,1,4) 0.06872958565910155
(6,1,5) 0.1368409198115013
(6,1,6) 0.1899206782155088
(6,1,7) -0.17542657682499443
(6,1,8) -0.3058224917053997
(6,1,9) -0.44191441282142274
(6,1,10) -0.5892130528261131
(7,0,1) -1.3562381186683732
(7,0,2) -0.42117761372162354
(7,0,3) -0.3475605983867193
(7,0,4) -0.27248279911407985
(7,0,5) -0.19169963121037562
(7,0,6) -0.13035152825740104
(7,0,7) -0.5736708844340179
(7,0,8) -0.8300282581386061
(7,0,9) -0.9265378985398537
(7,0,10) -0.9985391914402721
(7,1,1) -0.8705583357902678
(7,1,2) 0.0031285688085492215
(7,1,3) 0.06490274109371624
(7,1,4) 0.1258385426488827
(7,1,5) 0.1980008673064662
(7,1,6) 0.2528964830379251
(7,1,7) -0.015486875790731883
(7,1,8) -0.25032924908611287
(7,1,9) -0.38436738353380107
(7,1,10) -0.5372455149801113
(8,0,1) -1.1405859154875204
(8,0,2) -0.19676680988991244
(8,0,3) -0.13089209879012248
(8,0,4) -0.06170135982293988
(8,0,5) 0.0055775189885875955
(8,0,6) 0.08804135587449591
(8,0,7) -0.18526139612594353
(8,0,8) -0.44468777111990404
(8,0,9) -0.6983449857759699
(8,0,10) -0.815770697214719
(8,1,1) -0.7535234295229596
(8,1,2) 0.12044289827861786
(8,1,3) 0.18024601751434882
(8,1,4) 0.2398281862466231
(8,1,5) 0.3059276727789469
(8,1,6) 0.3776178733831985
(8,1,7) 0.21449160274349247
(8,1,8) -0.029894565413340915
(8,1,9) -0.27756461572820945
(8,1,10) -0.4406586424369576
(9,0,1) -0.88831856091664
(9,0,2) 0.05804745699155777
(9,0,3) 0.11504764118935881
(9,0,4) 0.1779768806522588
(9,0,5) 0.24137991860642719
(9,0,6) 0.3083372072711245
(9,0,7) 0.09644469867670918
(9,0,8) -0.0298710314544101
(9,0,9) -0.2930373395890005
(9,0,10) -0.5652662499521397
(9,1,1) -0.628608893893564
(9,1,2) 0.23705729720131938
(9,1,3) 0.29526075742746066
(9,1,4) 0.3569536943738617
(9,1,5) 0.40965653080788783
(9,1,6) 0.4669398952878626
(9,1,7) 0.3112424407105309
(9,1,8) 0.18302090689620013
(9,1,9) -0.06865303897580494
(9,1,10) -0.34434485569590667
(10,0,1) -0.519507130074564
(10,0,2) 0.35291361726863985
(10,0,3) 0.40208710749597115
(10,0,4) 0.45496749293506605
(10,0,5) 0.5061745596823688
(10,0,6) 0.5616432465875195
(10,0,7) 0.3786834574871683
(10,0,8) 0.2722305889887693
(10,0,9) 0.1377804655597562
(10,0,10) -0.13838767146907344
(10,1,1) -0.5152762808158574
(10,1,2) 0.3542946172845284
(10,1,3) 0.40856534659025034
(10,1,4) 0.463651409291052
(10,1,5) 0.5135042739983836
(10,1,6) 0.5604619188825655
(10,1,7) 0.3849363368808149
(10,1,8) 0.27660380255971534
(10,1,9) 0.14272358031422475
(10,1,10) -0.13737478784686136
(11,0,1) -0.16943478320040745
(11,0,2) 0.4826841527529143
(11,0,3) 0.5291336433613707
(11,0,4) 0.5719386161307428
(11,0,5) 0.6199438863091901
(11,0,6) 0.662176146900487
(11,0,7) 0.45010207650951145
(11,0,8) 0.3352643106601712
(11,0,9) 0.2143855150304466
(11,0,10) 0.0823492208304192
(11,1,1) -0.16821261522849276
(11,1,2) 0.4830444790046714
(11,1,3) 0.530787533753742
(11,1,4) 0.5799037950143666
(11,1,5) 0.6271857210941891
(11,1,6) 0.6631986267262122
(11,1,7) 0.4516313618456689
(11,1,8) 0.33700725796315073
(11,1,9) 0.21705189546217538
(11,1,10) 0.08234528693490778
(12,0,1) -1.0853106513186512
(12,0,2) -0.5050619151604157
(12,0,3) -0.4651257338555294
(12,0,4) -0.42506232998517274
(12,0,5) -0.38443004803097963
(12,0,6) -0.3458044933048595
(12,0,7) -0.5101699850259949
(12,0,8) -0.6195842788500838
(12,0,9) -0.7353837515701372
(12,0,10) -0.8620854761176502
(12,1,1) -1.083380679872869
(12,1,2) -0.5038120284417162
(12,1,3) -0.4652008318860644
(12,1,4) -0.41719940587292254
(12,1,5) -0.3777189494556631
(12,1,6) -0.3447522565890126
(12,1,7) -0.5096803155459105
(12,1,8) -0.6180533231549171
(12,1,9) -0.7332715976221037
(12,1,10) -0.8625862758738386
(13,0,1) -1.1246559471576623
(13,0,2) -0.6136671744893881
(13,0,3) -0.5828834091282226
(13,0,4) -0.5486578321357626
(13,0,5) -0.5140063244839228
(13,0,6) -0.4770440319356668
(13,0,7) -0.5937466863081748
(13,0,8) -0.6976495018768077
(13,0,9) -0.8084312289861283
(13,0,10) -0.9305264756025272
(13,1,1) -1.1214575552021033
(13,1,2) -0.613256786719866
(13,1,3) -0.5828032714709459
(13,1,4) -0.5409953549946718
(13,1,5) -0.5074834071238751
(13,1,6) -0.4759568789617831
(13,1,7) -0.5933541883200097
(13,1,8) -0.6948400669165894
(13,1,9) -0.8064492557292217
(13,1,10) -0.9310980263057698
(14,0,1) -1.162555849656361
(14,0,2) -0.7241587697613118
(14,0,3) -0.699543177273831
(14,0,4) -0.6676690866209365
(14,0,5) -0.6434722764933181
(14,0,6) -0.6063023688180116
(14,0,7) -0.6780773863474654
(14,0,8) -0.7731248228604835
(14,0,9) -0.8818182894920225
(14,0,10) -0.9978823317463734
(14,1,1) -1.159137947651554
(14,1,2) -0.724418046469594
(14,1,3) -0.6989063035328417
(14,1,4) -0.6633403334800649
(14,1,5) -0.6374196982288024
(14,1,6) -0.6064175234890349
(14,1,7) -0.6761927784408576
(14,1,8) -0.7712162785190846
(14,1,9) -0.8792368935985414
(14,1,10) -0.9989515191104394
(15,0,1) -1.2001658290602994
(15,0,2) -0.834101662455254
(15,0,3) -0.8160434917171856
(15,0,4) -0.7935180354697423
(15,0,5) -0.7726619419853186
(15,0,6) -0.7360626791941127
(15,0,7) -0.7589031748787409
(15,0,8) -0.8496500914714225
(15,0,9) -0.9550601355094568
(15,0,10) -1.0663305405605454
(15,1,1) -1.1977156642403197
(15,1,2) -0.8353090947567632
(15,1,3) -0.8142290299814158
(15,1,4) -0.790180847749581
(15,1,5) -0.7674783892712479
(15,1,6) -0.7386059789384565
(15,1,7) -0.757403163064189
(15,1,8) -0.8492166643131482
(15,1,9) -0.9516467243104153
(15,1,10) -1.067502902861253
(16,0,1) -1.241313992056905
(16,0,2) -0.9441975387727771
(16,0,3) -0.9300992830685204
(16,0,4) -0.9154317788461456
(16,0,5) -0.9000446974126259
(16,0,6) -0.8702233274511126
(16,0,7) -0.8428981481379023
(16,0,8) -0.9268265383374501
(16,0,9) -1.0266107072084476
(16,0,10) -1.1342779788327668
(16,1,1) -1.23788403745737
(16,1,2) -0.9460652645472198
(16,1,3) -0.9291177488330047
(16,1,4) -0.9132963302045908
(16,1,5) -0.8976878419071495
(16,1,6) -0.8717687608421263
(16,1,7) -0.8406720200450597
(16,1,8) -0.9273365815739971
(16,1,9) -1.0239398004326021
(16,1,10) -1.1357059266337517
(17,0,1) -1.2992231137148091
(17,0,2) -1.076852658754674
(17,0,3) -1.067735336667807
(17,0,4) -1.0578638553689534
(17,0,5) -1.0480637589651305
(17,0,6) -1.0247541535171256
(17,0,7) -0.9791898009816149
(17,0,8) -1.022918776189294
(17,0,9) -1.1172142547955937
(17,0,10) -1.2201600564373065
(17,1,1) -1.2954273381269745
(17,1,2) -1.0773901958904946
(17,1,3) -1.0664158385929547
(17,1,4) -1.0554937774055864
(17,1,5) -1.0477973037248127
(17,1,6) -1.0266292644333357
(17,1,7) -0.9776623975957801
(17,1,8) -1.0240531611460215
(17,1,9) -1.115798752934523
(17,1,10) -1.2210737372386777
(18,0,1) -1.3937153413549166
(18,0,2) -1.2485649576039786
(18,0,3) -1.2429062721842787
(18,0,4) -1.2366360063933741
(18,0,5) -1.2338756716841848
(18,0,6) -1.2219957158111474
(18,0,7) -1.1925155935771632
(18,0,8) -1.1947649906731361
(18,0,9) -1.2437741043806174
(18,0,10) -1.3388466692664271
(18,1,1) -1.3923868161728712
(18,1,2) -1.2481999973240459
(18,1,3) -1.242075406424131
(18,1,4) -1.235732724029134
(18,1,5) -1.2334664429838065
(18,1,6) -1.2227357160091192
(18,1,7) -1.1915607685239356
(18,1,8) -1.1942009486315726
(18,1,9) -1.2431244013194014
(18,1,10) -1.3385689453526788
(19,0,1) -1.531072503913737
(19,0,2) -1.4583012359579963
(19,0,3) -1.4561253444391125
(19,0,4) -1.45413541062572
(19,0,5) -1.4532784310832172
(19,0,6) -1.449630184665831
(19,0,7) -1.4376162903729
(19,0,8) -1.4355191005190937
(19,0,9) -1.4401607204339322
(19,0,10) -1.4886246403118717
(19,1,1) -1.531072503913737
(19,1,2) -1.4583012359579963
(19,1,3) -1.4561253444391125
(19,1,4) -1.45413541062572
(19,1,5) -1.4532784310832172
(19,1,6) -1.449630184665831
(19,1,7) -1.4376162903729
(19,1,8) -1.4355191005190937
(19,1,9) -1.4401607204339322
(19,1,10) -1.4886246403118717
(20,0,1) -1.7076923076923076
(20,0,2) -1.7076923076923076
(20,0,3) -1.7076923076923076
(20,0,4) -1.7076923076923076
(20,0,5) -1.7076923076923076
(20,0,6) -1.7076923076923076
(20,0,7) -1.7076923076923076
(20,0,8) -1.7076923076923076
(20,0,9) -1.7076923076923076
(20,0,10) -1.7076923076923076
(20,1,1) -1.7076923076923076
(20,1,2) -1.7076923076923076
(20,1,3) -1.7076923076923076
(20,1,4) -1.7076923076923076
(20,1,5) -1.7076923076923076
(20,1,6) -1.7076923076923076
(20,1,7) -1.7076923076923076
(20,1,8) -1.7076923076923076
(20,1,9) -1.7076923076923076
(20,1,10) -1.7076923076923076

(0,0,1) 70
(0,0,0) 70
(1,0,1) 70
(1,1,1) 70
(2,0,1) 70
(2,0,2) 70
(2,0,3) 70
(2,0,4) 70
(2,0,5) 70
(2,0,6) 70
(2,0,7) 70
(2,0,8) 70
(2,0,9) 70
(2,0,10) 70
(2,1,1) 0.1756442579050286
(2,1,2) 0.6960565261446922
(2,1,3) 0.7346054981431747
(2,1,4) 0.7824173997559698
(2,1,5) 0.843883935836919
(2,1,6) 0.9111056243738344
(2,1,7) 0.8322944606950011
(2,1,8) 0.7230623079479099
(2,1,9) 0.5704692201689352
(2,1,10) 0.36451454424295265
(3,0,1) 70
(3,0,2) 70
(3,0,3) 70
(3,0,4) 70
(3,0,5) 70
(3,0,6) 70
(3,0,7) 70
(3,0,8) 70
(3,0,9) 70
(3,0,10) 70
(3,1,1) 70
(3,1,2) 70
(3,1,3) 70
(3,1,4) 70
(3,1,5) 70
(3,1,6) 70
(3,1,7) 70
(3,1,8) 70
(3,1,9) 70
(3,1,10) 70
(4,0,1) -0.7576009119099945
(4,0,2) -0.06566728573456551
(4,0,3) -0.008011214561209738
(4,0,4) 0.05880661893508377
(4,0,5) 0.13597332914822077
(4,0,6) 0.19493772688740924
(4,0,7) 0.000990303196502797
(4,0,8) -0.1573683513702326
(4,0,9) -0.3381607002781647
(4,0,10) -0.5305784939316909
(4,1,1) 70
(4,1,2) 70
(4,1,3) 70
(4,1,4) 70
(4,1,5) 70
(4,1,6) 70
(4,1,7) 70
(4,1,8) 70
(4,1,9) 70
(4,1,10) 70
(5,0,1) 70
(5,0,2) 70
(5,0,3) 70
(5,0,4) 70
(5,0,5) 70
(5,0,6) 70
(5,0,7) 70
(5,0,8) 70
(5,0,9) 70
(5,0,10) 70
(5,1,1) 70
(5,1,2) 70
(5,1,3) 70
(5,1,4) 70
(5,1,5) 70
(5,1,6) 70
(5,1,7) 70
(5,1,8) 70
(5,1,9) 70
(5,1,10) 70
(6,0,1) -0.7966632512390502
(6,0,2) -0.11914184553939591
(6,0,3) -0.05124533931062225
(6,0,4) 0.030992476946235508
(6,0,5) 0.11177433632022651
(6,0,6) 0.1707062929497753
(6,0,7) -0.058409130425472425
(6,0,8) -0.2171146541663487
(6,0,9) -0.3866316271225149
(6,0,10) -0.5759865584599053
(6,1,1) 70
(6,1,2) 70
(6,1,3) 70
(6,1,4) 70
(6,1,5) 70
(6,1,6) 70
(6,1,7) 70
(6,1,8) 70
(6,1,9) 70
(6,1,10) 70
(7,0,1) 70
(7,0,2) 70
(7,0,3) 70
(7,0,4) 70
(7,0,5) 70
(7,0,6) 70
(7,0,7) 70
(7,0,8) 70
(7,0,9) 70
(7,0,10) 70
(7,1,1) 70
(7,1,2) 70
(7,1,3) 70
(7,1,4) 70
(7,1,5) 70
(7,1,6) 70
(7,1,7) 70
(7,1,8) 70
(7,1,9) 70
(7,1,10) 70
(8,0,1) -0.8379239647238406
(8,0,2) -0.14932811016238143
(8,0,3) -0.07923792270721752
(8,0,4) 0.0011711962484401899
(8,0,5) 0.09218637360000968
(8,0,6) 0.1453475142744016
(8,0,7) -0.12086517714200846
(8,0,8) -0.2703079837889909
(8,0,9) -0.4389948134303166
(8,0,10) -0.6230325417486599
(8,1,1) 70
(8,1,2) 70
(8,1,3) 70
(8,1,4) 70
(8,1,5) 70
(8,1,6) 70
(8,1,7) 70
(8,1,8) 70
(8,1,9) 70
(8,1,10) 70
(9,0,1) 70
(9,0,2) 70
(9,0,3) 70
(9,0,4) 70
(9,0,5) 70
(9,0,6) 70
(9,0,7) 70
(9,0,8) 70
(9,0,9) 70
(9,0,10) 70
(9,1,1) 70
(9,1,2) 70
(9,1,3) 70
(9,1,4) 70
(9,1,5) 70
(9,1,6) 70
(9,1,7) 70
(9,1,8) 70
(9,1,9) 70
(9,1,10) 70
(10,0,1) -0.8778989922840026
(10,0,2) -0.1765492099056864
(10,0,3) -0.10717845094839462
(10,0,4) -0.016899536301288813
(10,0,5) 0.07162933884099508
(10,0,6) 0.12626088180994444
(10,0,7) -0.1812789833011587
(10,0,8) -0.32775410048794573
(10,0,9) -0.49135025868788235
(10,0,10) -0.6705955297007742
(10,1,1) 70
(10,1,2) 70
(10,1,3) 70
(10,1,4) 70
(10,1,5) 70
(10,1,6) 70
(10,1,7) 70
(10,1,8) 70
(10,1,9) 70
(10,1,10) 70
(11,0,1) 70
(11,0,2) 70
(11,0,3) 70
(11,0,4) 70
(11,0,5) 70
(11,0,6) 70
(11,0,7) 70
(11,0,8) 70
(11,0,9) 70
(11,0,10) 70
(11,1,1) 70
(11,1,2) 70
(11,1,3) 70
(11,1,4) 70
(11,1,5) 70
(11,1,6) 70
(11,1,7) 70
(11,1,8) 70
(11,1,9) 70
(11,1,10) 70
(12,0,1) -0.9184859096712767
(12,0,2) -0.20350301535319482
(12,0,3) -0.12542694089389453
(12,0,4) -0.038207466479690075
(12,0,5) 0.05611268948933127
(12,0,6) 0.1076934594055789
(12,0,7) -0.24265067127701054
(12,0,8) -0.385133526260562
(12,0,9) -0.5422586070506438
(12,0,10) -0.716033828702171
(12,1,1) 70
(12,1,2) 70
(12,1,3) 70
(12,1,4) 70
(12,1,5) 70
(12,1,6) 70
(12,1,7) 70
(12,1,8) 70
(12,1,9) 70
(12,1,10) 70
(13,0,1) 70
(13,0,2) 70
(13,0,3) 70
(13,0,4) 70
(13,0,5) 70
(13,0,6) 70
(13,0,7) 70
(13,0,8) 70
(13,0,9) 70
(13,0,10) 70
(13,1,1) 70
(13,1,2) 70
(13,1,3) 70
(13,1,4) 70
(13,1,5) 70
(13,1,6) 70
(13,1,7) 70
(13,1,8) 70
(13,1,9) 70
(13,1,10) 70
(14,0,1) -0.945658305631058
(14,0,2) -0.1450152292447512
(14,0,3) -0.06575459037926333
(14,0,4) 0.016418566438480567
(14,0,5) 0.1089978439947956
(14,0,6) 0.1870918907350894
(14,0,7) -0.0848865626290905
(14,0,8) -0.3799694608421514
(14,0,9) -0.5322355131106584
(14,0,10) -0.6897428012340114
(14,1,1) 70
(14,1,2) 70
(14,1,3) 70
(14,1,4) 70
(14,1,5) 70
(14,1,6) 70
(14,1,7) 70
(14,1,8) 70
(14,1,9) 70
(14,1,10) 70
(15,0,1) 70
(15,0,2) 70
(15,0,3) 70
(15,0,4) 70
(15,0,5) 70
(15,0,6) 70
(15,0,7) 70
(15,0,8) 70
(15,0,9) 70
(15,0,10) 70
(15,1,1) 70
(15,1,2) 70
(15,1,3) 70
(15,1,4) 70
(15,1,5) 70
(15,1,6) 70
(15,1,7) 70
(15,1,8) 70
(15,1,9) 70
(15,1,10) 70
(16,0,1) -0.8056677328039267
(16,0,2) 0.02517127006024272
(16,0,3) 0.08992425683795521
(16,0,4) 0.15912413394907984
(16,0,5) 0.2280827071368986
(16,0,6) 0.31933651653644723
(16,0,7) 0.2064083682440762
(16,0,8) -0.08630180569292809
(16,0,9) -0.39103421338261996
(16,0,10) -0.5715580655145382
(16,1,1) 70
(16,1,2) 70
(16,1,3) 70
(16,1,4) 70
(16,1,5) 70
(16,1,6) 70
(16,1,7) 70
(16,1,8) 70
(16,1,9) 70
(16,1,10) 70
(17,0,1) 70
(17,0,2) 70
(17,0,3) 70
(17,0,4) 70
(17,0,5) 70
(17,0,6) 70
(17,0,7) 70
(17,0,8) 70
(17,0,9) 70
(17,0,10) 70
(17,1,1) 70
(17,1,2) 70
(17,1,3) 70
(17,1,4) 70
(17,1,5) 70
(17,1,6) 70
(17,1,7) 70
(17,1,8) 70
(17,1,9) 70
(17,1,10) 70
(18,0,1) -0.6379025130219784
(18,0,2) 0.1832877871794073
(18,0,3) 0.23707831693375067
(18,0,4) 0.2981592325145337
(18,0,5) 0.36130649572113493
(18,0,6) 0.4319782692634131
(18,0,7) 0.35930352725644543
(18,0,8) 0.21070809421574593
(18,0,9) -0.0888219932330864
(18,0,10) -0.4017458996687788
(18,1,1) 70
(18,1,2) 70
(18,1,3) 70
(18,1,4) 70
(18,1,5) 70
(18,1,6) 70
(18,1,7) 70
(18,1,8) 70
(18,1,9) 70
(18,1,10) 70
(19,0,1) 70
(19,0,2) 70
(19,0,3) 70
(19,0,4) 70
(19,0,5) 70
(19,0,6) 70
(19,0,7) 70
(19,0,8) 70
(19,0,9) 70
(19,0,10) 70
(19,1,1) 70
(19,1,2) 70
(19,1,3) 70
(19,1,4) 70
(19,1,5) 70
(19,1,6) 70
(19,1,7) 70
(19,1,8) 70
(19,1,9) 70
(19,1,10) 70
(20,0,1) -0.38862132037291397
(20,0,2) 0.34517559654902263
(20,0,3) 0.39019708717523627
(20,0,4) 0.44073057152126227
(20,0,5) 0.49078994429775347
(20,0,6) 0.5462586312029042
(20,0,7) 0.484726307979408
(20,0,8) 0.36843733907810705
(20,0,9) 0.2123477463608053
(20,0,10) -0.08905312944014923
(20,1,1) 70
(20,1,2) 70
(20,1,3) 70
(20,1,4) 70
(20,1,5) 70
(20,1,6) 70
(20,1,7) 70
(20,1,8) 70
(20,1,9) 70
(20,1,10) 70

(0,0,1) 31779520
(0,0,0) 57969851
(1,0,1) 5730792
(1,1,1) 4520017
(2,0,1) 0
(2,0,2) 0
(2,0,3) 0
(2,0,4) 0
(2,0,5) 0
(2,0,6) 0
(2,0,7) 0
(2,0,8) 0
(2,0,9) 0
(2,0,10) 0
(2,1,1) 41379
(2,1,2) 44690
(2,1,3) 44797
(2,1,4) 44324
(2,1,5) 44214
(2,1,6) 43870
(2,1,7) 44297
(2,1,8) 44028
(2,1,9) 44471
(2,1,10) 177953
(3,0,1) 0
(3,0,2) 0
(3,0,3) 0
(3,0,4) 0
(3,0,5) 0
(3,0,6) 0
(3,0,7) 0
(3,0,8) 0
(3,0,9) 0
(3,0,10) 0
(3,1,1) 90428
(3,1,2) 90261
(3,1,3) 93631
(3,1,4) 93957
(3,1,5) 93660
(3,1,6) 93621
(3,1,7) 93558
(3,1,8) 93408
(3,1,9) 93552
(3,1,10) 375198
(4,0,1) 44409
(4,0,2) 41972
(4,0,3) 44563
(4,0,4) 44585
(4,0,5) 44778
(4,0,6) 44233
(4,0,7) 44398
(4,0,8) 44662
(4,0,9) 44881
(4,0,10) 177326
(4,1,1) 94489
(4,1,2) 98096
(4,1,3) 95062
(4,1,4) 97787
(4,1,5) 98112
(4,1,6) 98540
(4,1,7) 97460
(4,1,8) 97834
(4,1,9) 98304
(4,1,10) 393737
(5,0,1) 91640
(5,0,2) 89746
(5,0,3) 89096
(5,0,4) 91537
(5,0,5) 91276
(5,0,6) 92624
(5,0,7) 91726
(5,0,8) 91685
(5,0,9) 91802
(5,0,10) 366980
(5,1,1) 100854
(5,1,2) 103586
(5,1,3) 104089
(5,1,4) 100641
(5,1,5) 104399
(5,1,6) 104448
(5,1,7) 103304
(5,1,8) 103956
(5,1,9) 103926
(5,1,10) 421784
(6,0,1) 137907
(6,0,2) 135310
(6,0,3) 135868
(6,0,4) 136070
(6,0,5) 138524
(6,0,6) 138378
(6,0,7) 137762
(6,0,8) 137632
(6,0,9) 138226
(6,0,10) 553703
(6,1,1) 106947
(6,1,2) 111118
(6,1,3) 110809
(6,1,4) 111739
(6,1,5) 107451
(6,1,6) 111125
(6,1,7) 111378
(6,1,8) 110949
(6,1,9) 111568
(6,1,10) 454976
(7,0,1) 189960
(7,0,2) 186234
(7,0,3) 186229
(7,0,4) 186805
(7,0,5) 187001
(7,0,6) 189019
(7,0,7) 189374
(7,0,8) 189631
(7,0,9) 189709
(7,0,10) 760690
(7,1,1) 114755
(7,1,2) 118136
(7,1,3) 118059
(7,1,4) 117748
(7,1,5) 118363
(7,1,6) 115642
(7,1,7) 118281
(7,1,8) 118514
(7,1,9) 118429
(7,1,10) 486866
(8,0,1) 240937
(8,0,2) 236970
(8,0,3) 238092
(8,0,4) 237643
(8,0,5) 237532
(8,0,6) 237427
(8,0,7) 239403
(8,0,8) 240007
(8,0,9) 240158
(8,0,10) 967715
(8,1,1) 122619
(8,1,2) 126762
(8,1,3) 126112
(8,1,4) 126487
(8,1,5) 126331
(8,1,6) 126605
(8,1,7) 123619
(8,1,8) 126268
(8,1,9) 126844
(8,1,10) 524923
(9,0,1) 296686
(9,0,2) 293511
(9,0,3) 293381
(9,0,4) 294056
(9,0,5) 294354
(9,0,6) 294121
(9,0,7) 294209
(9,0,8) 296002
(9,0,9) 295670
(9,0,10) 1199167
(9,1,1) 130710
(9,1,2) 133382
(9,1,3) 132307
(9,1,4) 133009
(9,1,5) 132709
(9,1,6) 132997
(9,1,7) 133549
(9,1,8) 130188
(9,1,9) 135785
(9,1,10) 563583
(10,0,1) 353092
(10,0,2) 349676
(10,0,3) 349476
(10,0,4) 349645
(10,0,5) 350252
(10,0,6) 350293
(10,0,7) 349760
(10,0,8) 350703
(10,0,9) 353131
(10,0,10) 1427636
(10,1,1) 137938
(10,1,2) 140256
(10,1,3) 139165
(10,1,4) 139616
(10,1,5) 140345
(10,1,6) 139284
(10,1,7) 139849
(10,1,8) 139606
(10,1,9) 139526
(10,1,10) 594135
(11,0,1) 414321
(11,0,2) 412136
(11,0,3) 412336
(11,0,4) 412078
(11,0,5) 411579
(11,0,6) 412026
(11,0,7) 411611
(11,0,8) 411838
(11,0,9) 411451
(11,0,10) 1679800
(11,1,1) 0
(11,1,2) 0
(11,1,3) 0
(11,1,4) 0
(11,1,5) 0
(11,1,6) 0
(11,1,7) 0
(11,1,8) 0
(11,1,9) 0
(11,1,10) 0
(12,0,1) 753281
(12,0,2) 740146
(12,0,3) 747825
(12,0,4) 748832
(12,0,5) 748862
(12,0,6) 749555
(12,0,7) 750299
(12,0,8) 748144
(12,0,9) 750090
(12,0,10) 3023961
(12,1,1) 64678
(12,1,2) 64886
(12,1,3) 64688
(12,1,4) 64541
(12,1,5) 65170
(12,1,6) 64404
(12,1,7) 64749
(12,1,8) 64845
(12,1,9) 67083
(12,1,10) 293577
(13,0,1) 730463
(13,0,2) 728062
(13,0,3) 715765
(13,0,4) 724683
(13,0,5) 726778
(13,0,6) 725624
(13,0,7) 725458
(13,0,8) 725414
(13,0,9) 723798
(13,0,10) 2937014
(13,1,1) 90500
(13,1,2) 91015
(13,1,3) 91324
(13,1,4) 90378
(13,1,5) 69100
(13,1,6) 72110
(13,1,7) 91859
(13,1,8) 91696
(13,1,9) 93853
(13,1,10) 409073
(14,0,1) 726784
(14,0,2) 724779
(14,0,3) 725503
(14,0,4) 713793
(14,0,5) 701268
(14,0,6) 704915
(14,0,7) 724242
(14,0,8) 723002
(14,0,9) 723442
(14,0,10) 2945772
(14,1,1) 91082
(14,1,2) 74852
(14,1,3) 67817
(14,1,4) 67728
(14,1,5) 66835
(14,1,6) 67643
(14,1,7) 90699
(14,1,8) 91160
(14,1,9) 93997
(14,1,10) 412211
(15,0,1) 725885
(15,0,2) 708382
(15,0,3) 702997
(15,0,4) 702481
(15,0,5) 672278
(15,0,6) 681879
(15,0,7) 721943
(15,0,8) 724009
(15,0,9) 723382
(15,0,10) 2956152
(15,1,1) 91486
(15,1,2) 67349
(15,1,3) 66623
(15,1,4) 65409
(15,1,5) 64887
(15,1,6) 65720
(15,1,7) 92125
(15,1,8) 91321
(15,1,9) 94857
(15,1,10) 419833
(16,0,1) 721644
(16,0,2) 681588
(16,0,3) 675747
(16,0,4) 674972
(16,0,5) 654195
(16,0,6) 646039
(16,0,7) 716399
(16,0,8) 716876
(16,0,9) 717867
(16,0,10) 2945546
(16,1,1) 92545
(16,1,2) 65804
(16,1,3) 64852
(16,1,4) 64908
(16,1,5) 63237
(16,1,6) 63898
(16,1,7) 92937
(16,1,8) 92779
(16,1,9) 95624
(16,1,10) 431043
(17,0,1) 718426
(17,0,2) 655582
(17,0,3) 649673
(17,0,4) 647871
(17,0,5) 626720
(17,0,6) 630744
(17,0,7) 704718
(17,0,8) 713743
(17,0,9) 713674
(17,0,10) 2944908
(17,1,1) 93466
(17,1,2) 63410
(17,1,3) 62916
(17,1,4) 62368
(17,1,5) 61041
(17,1,6) 61203
(17,1,7) 93663
(17,1,8) 92786
(17,1,9) 96311
(17,1,10) 436409
(18,0,1) 708774
(18,0,2) 623941
(18,0,3) 617073
(18,0,4) 617372
(18,0,5) 593503
(18,0,6) 598074
(18,0,7) 706924
(18,0,8) 695214
(18,0,9) 703190
(18,0,10) 2920773
(18,1,1) 69458
(18,1,2) 54733
(18,1,3) 53899
(18,1,4) 53662
(18,1,5) 53194
(18,1,6) 53219
(18,1,7) 61971
(18,1,8) 62010
(18,1,9) 71183
(18,1,10) 312097
(19,0,1) 676974
(19,0,2) 592967
(19,0,3) 587170
(19,0,4) 585650
(19,0,5) 564634
(19,0,6) 566877
(19,0,7) 674744
(19,0,8) 676025
(19,0,9) 663070
(19,0,10) 2788028
(19,1,1) 60458
(19,1,2) 53212
(19,1,3) 52148
(19,1,4) 51773
(19,1,5) 51020
(19,1,6) 51237
(19,1,7) 61195
(19,1,8) 60416
(19,1,9) 61635
(19,1,10) 244797
(20,0,1) 1048051
(20,0,2) 961547
(20,0,3) 956883
(20,0,4) 956475
(20,0,5) 935189
(20,0,6) 937725
(20,0,7) 1043861
(20,0,8) 1044634
(20,0,9) 1045235
(20,0,10) 4218737
(20,1,1) 58362
(20,1,2) 50757
(20,1,3) 49884
(20,1,4) 49830
(20,1,5) 48925
(20,1,6) 48799
(20,1,7) 58850
(20,1,8) 59204
(20,1,9) 60002
(20,1,10) 239217

