(0,0,1) [1.0,0.9999999999999927]
(0,0,0) [-0.9999999999999877,-1.0]
(1,0,1) [0.0,0.0]
(1,1,1) [1.4999999999999594,1.5]
(2,0,1) [0,0]
(2,0,2) [0,0]
(2,0,3) [0,0]
(2,0,4) [0,0]
(2,0,5) [0,0]
(2,0,6) [0,0]
(2,0,7) [0,0]
(2,0,8) [0,0]
(2,0,9) [0,0]
(2,0,10) [0,0]
(2,1,1) [-0.10724828337879289,-0.6584718722169062]
(2,1,2) [0.09305198497566941,-0.2813134156406833]
(2,1,3) [0.11303716225038607,-0.23716630967048005]
(2,1,4) [0.1334705077476464,-0.20019461504857006]
(2,1,5) [0.1656701806392808,-0.15512604988379067]
(2,1,6) [0.18960868743886503,-0.14001179788321172]
(2,1,7) [0.1660590092595774,-0.455060223295469]
(2,1,8) [0.09525086314249635,-0.5008370899665647]
(2,1,9) [0.013370988263224512,-0.5145962434926779]
(2,1,10) [-0.06687461317689199,-0.5231212586340881]
(3,0,1) [0,0]
(3,0,2) [0,0]
(3,0,3) [0,0]
(3,0,4) [0,0]
(3,0,5) [0,0]
(3,0,6) [0,0]
(3,0,7) [0,0]
(3,0,8) [0,0]
(3,0,9) [0,0]
(3,0,10) [0,0]
(3,1,1) [-0.13563636542697907,-0.6396374452835253]
(3,1,2) [0.060071817416957905,-0.28293168599789376]
(3,1,3) [0.08502538429384957,-0.23696633123210656]
(3,1,4) [0.11735942047331192,-0.19781549321433375]
(3,1,5) [0.1452920543105581,-0.15458677934311643]
(3,1,6) [0.1659658430437437,-0.14317933678226946]
(3,1,7) [0.12040999481759465,-0.4550846625355379]
(3,1,8) [0.0588450834716216,-0.4943517681320252]
(3,1,9) [-0.01567124423510878,-0.519086214753553]
(3,1,10) [-0.09914069170693743,-0.5240131277645291]
(4,0,1) [-0.3275773455371832,-0.6497124944931223]
(4,0,2) [-0.1008602982325055,-0.28679080455264344]
(4,0,3) [-0.07180631852034022,-0.24155662586210075]
(4,0,4) [-0.04221257486475077,-0.18669119871912612]
(4,0,5) [0.0009611623370458439,-0.1472148962796267]
(4,0,6) [0.014079724612361302,-0.14378345945932075]
(4,0,7) [-0.08342815780874081,-0.4679613927799162]
(4,0,8) [-0.14133638987888575,-0.48735148240297876]
(4,0,9) [-0.21557329279123438,-0.5128786433454108]
(4,0,10) [-0.2755430039135858,-0.5203613816663669]
(4,1,1) [-0.1634421710133337,-0.6519179805772696]
(4,1,2) [0.03514970902773552,-0.2835811804013916]
(4,1,3) [0.05766549112843777,-0.23576663587135507]
(4,1,4) [0.08710525454877055,-0.20015233656192669]
(4,1,5) [0.12302638635629574,-0.15152375273917962]
(4,1,6) [0.1422901740673112,-0.14850902575116245]
(4,1,7) [0.08264279968404073,-0.45635484760502654]
(4,1,8) [0.02834889788702574,-0.4933016446615047]
(4,1,9) [-0.053166201010786104,-0.5170367276005869]
(4,1,10) [-0.13131342533092416,-0.5240539127792622]
(5,0,1) [-0.3474083893689575,-0.651295290805148]
(5,0,2) [-0.1134570858490132,-0.28639915707039737]
(5,0,3) [-0.08553409454703288,-0.25045503353083753]
(5,0,4) [-0.05146591538858355,-0.19740506751293882]
(5,0,5) [-0.012797147399110101,-0.14969209120774452]
(5,0,6) [0.0005660110263508124,-0.14397991617073416]
(5,0,7) [-0.1089272896446818,-0.4652996969101711]
(5,0,8) [-0.17076863959938346,-0.4964511564992209]
(5,0,9) [-0.2398770246363752,-0.5211783173784438]
(5,0,10) [-0.2999975839989767,-0.5240651041269854]
(5,1,1) [-0.1932318512611041,-0.6575269484603813]
(5,1,2) [0.01245103015376518,-0.2809265355232334]
(5,1,3) [0.03846431671191729,-0.23513499369715687]
(5,1,4) [0.06562201269625659,-0.19623139133008682]
(5,1,5) [0.09932596833221967,-0.15402823020105472]
(5,1,6) [0.12317946332104318,-0.14061610931677432]
(5,1,7) [0.04143359480909369,-0.4548674100481697]
(5,1,8) [-0.01896491679743797,-0.49391116753560727]
(5,1,9) [-0.09140461291540349,-0.512969099938724]
(5,1,10) [-0.16459564609534974,-0.5244856131622744]
(6,0,1) [-0.3701462881708456,-0.645091208460293]
(6,0,2) [-0.12814692122500732,-0.2802492670695074]
(6,0,3) [-0.09719989416926166,-0.23817675811320127]
(6,0,4) [-0.06401586298953413,-0.18947213713768551]
(6,0,5) [-0.025619215315683577,-0.15161466981680732]
(6,0,6) [-0.011553745312443211,-0.1321166415450961]
(6,0,7) [-0.13959718836933516,-0.4617153301989019]
(6,0,8) [-0.1969736080815318,-0.5003675684468937]
(6,0,9) [-0.2689207289804409,-0.5320357776470884]
(6,0,10) [-0.32406646528996746,-0.5223646289958087]
(6,1,1) [-0.22770794569250005,-0.6521247868214164]
(6,1,2) [-0.012642593508393904,-0.2726710574732175]
(6,1,3) [0.013918193363018234,-0.24093627285413252]
(6,1,4) [0.04695402521385741,-0.19639281171620507]
(6,1,5) [0.07976977397528594,-0.15052094723654907]
(6,1,6) [0.10340452152033656,-0.13273884447316983]
(6,1,7) [0.007388017078653499,-0.4585591796784583]
(6,1,8) [-0.061181046666710405,-0.49588306895554934]
(6,1,9) [-0.1295686066483329,-0.5234111499152043]
(6,1,10) [-0.19779514541211746,-0.5262268147256199]
(7,0,1) [-0.36433854020086476,-0.6502833879423313]
(7,0,2) [-0.09795051036945943,-0.2821611635964266]
(7,0,3) [-0.0696986664254868,-0.24374444257319594]
(7,0,4) [-0.03660466049710573,-0.18970340420755125]
(7,0,5) [0.0013357535149859058,-0.14190072532182293]
(7,0,6) [0.029283626098902445,-0.1452805735159931]
(7,0,7) [-0.06047371398469266,-0.4592664516388002]
(7,0,8) [-0.19726659829789606,-0.4929865523773769]
(7,0,9) [-0.2621376068539936,-0.5263381789913837]
(7,0,10) [-0.3071118662168794,-0.5255264245711017]
(7,1,1) [-0.23172408543936157,-0.47151089979199234]
(7,1,2) [0.010399507892371741,-0.14375519936868028]
(7,1,3) [0.03275526612905124,-0.10427185183438195]
(7,1,4) [0.06984123331857113,-0.06671613253650091]
(7,1,5) [0.10213419366026327,-0.03148581101529353]
(7,1,6) [0.13104076529890277,0.007970495669392435]
(7,1,7) [0.06191451230052552,-0.09953704869754071]
(7,1,8) [-0.06194623304236779,-0.36801600117909933]
(7,1,9) [-0.12886024067442073,-0.4127101599107504]
(7,1,10) [-0.18659641888183884,-0.40649317590436906]
(8,0,1) [-0.26191689220031,-0.6456044517644643]
(8,0,2) [-0.015012476816436714,-0.2770960208163614]
(8,0,3) [0.010004457874911546,-0.2385462739935601]
(8,0,4) [0.043764012004887186,-0.1868962134813756]
(8,0,5) [0.07574340536627559,-0.15293404436924332]
(8,0,6) [0.11021464134291568,-0.14502481788926688]
(8,0,7) [0.08425727348484598,-0.46477684347480325]
(8,0,8) [-0.05089850810180989,-0.49750560909014424]
(8,0,9) [-0.19234020098976531,-0.5219246964887791]
(8,0,10) [-0.24145998208340527,-0.5233699642829179]
(8,1,1) [-0.15354425974494942,-0.11515056473077427]
(8,1,2) [0.06756185965542982,0.1135176647336194]
(8,1,3) [0.08941415854858556,0.14591120626890078]
(8,1,4) [0.12650667739665503,0.18301225582262853]
(8,1,5) [0.1545563426150397,0.20346783223157072]
(8,1,6) [0.19050790263533735,0.27666369346476455]
(8,1,7) [0.173261713129219,0.3859115878424001]
(8,1,8) [0.05048815848132249,0.1082771381639103]
(8,1,9) [-0.08394650305464216,-0.17997317520419273]
(8,1,10) [-0.1376091472420663,-0.17682893662919583]
(9,0,1) [-0.14313325358989454,-0.6479270131184525]
(9,0,2) [0.07445699114852282,-0.2833020763267137]
(9,0,3) [0.10022659901399728,-0.24430399804111236]
(9,0,4) [0.12847999845058947,-0.19731044775149276]
(9,0,5) [0.16075083785352673,-0.14879663057414816]
(9,0,6) [0.18781831677797237,-0.14411348175218253]
(9,0,7) [0.17047292147479784,-0.45752464509421165]
(9,0,8) [0.09692172795808814,-0.4951281154997406]
(9,0,9) [-0.042060137598940214,-0.5194422835397444]
(9,0,10) [-0.15083896269706262,-0.5258455389011591]
(9,1,1) [-0.07408856879877765,0.22741595787244634]
(9,1,2) [0.12117597146425071,0.3761327483735044]
(9,1,3) [0.14889340868727777,0.39572890361276924]
(9,1,4) [0.17782532854830221,0.4085496059095134]
(9,1,5) [0.20628333253973014,0.4321412035456548]
(9,1,6) [0.23555670941011653,0.47306240377899256]
(9,1,7) [0.21872699235156864,0.5970124955263362]
(9,1,8) [0.15880862761180725,0.5784001709980627]
(9,1,9) [0.01675307571987361,0.28352612181457965]
(9,1,10) [-0.08828092018035907,0.06028967383209937]
(10,0,1) [-0.0010188349877660874,-0.6499045637034239]
(10,0,2) [0.19045519214375167,-0.28589790891650413]
(10,0,3) [0.20904129242902225,-0.23530657758479837]
(10,0,4) [0.2311339217511768,-0.19722010728307285]
(10,0,5) [0.2604010469328745,-0.1519300260669919]
(10,0,6) [0.2859977162342443,-0.1450260513537829]
(10,0,7) [0.254894215638229,-0.46281911286342214]
(10,0,8) [0.19998009913005052,-0.49343797790039595]
(10,0,9) [0.12068308510491482,-0.5266749638391589]
(10,0,10) [0.023594279842478173,-0.5249911054401659]
(10,1,1) [-0.004455269825711734,0.5993073497687564]
(10,1,2) [0.18106998854499576,0.6231419345739173]
(10,1,3) [0.1980239794146882,0.6265160419137105]
(10,1,4) [0.2318251573443125,0.6364757776984308]
(10,1,5) [0.2571592331668202,0.6534753271402476]
(10,1,6) [0.2765263225814373,0.6814470818170631]
(10,1,7) [0.2505493639538265,0.7536607524142823]
(10,1,8) [0.18686186642095684,0.7658820242200243]
(10,1,9) [0.11463180362662416,0.742474205925473]
(10,1,10) [0.014084292823995788,0.5323409140067208]
(11,0,1) [0.11193374495828347,-0.650040949101141]
(11,0,2) [0.2733208077660846,-0.28242214295659707]
(11,0,3) [0.29076266436217496,-0.23924408942914394]
(11,0,4) [0.31164550405123465,-0.19554325849720516]
(11,0,5) [0.33639845150349784,-0.15209946538846755]
(11,0,6) [0.35528052430367996,-0.15208999908982115]
(11,0,7) [0.3104533142398711,-0.4650939564550349]
(11,0,8) [0.24786707229392438,-0.5015840090467919]
(11,0,9) [0.17710316182913521,-0.5261013573232467]
(11,0,10) [0.12517161354260967,-0.5239343956624072]
(11,1,1) [0,0]
(11,1,2) [0,0]
(11,1,3) [0,0]
(11,1,4) [0,0]
(11,1,5) [0,0]
(11,1,6) [0,0]
(11,1,7) [0,0]
(11,1,8) [0,0]
(11,1,9) [0,0]
(11,1,10) [0,0]
(12,0,1) [-0.3802920612414547,-0.6500062900529793]
(12,0,2) [-0.23508435450709383,-0.28165077302101776]
(12,0,3) [-0.21875933020887486,-0.24296238598328607]
(12,0,4) [-0.19633182859173917,-0.2001859159825564]
(12,0,5) [-0.17689584026218982,-0.15389343609401296]
(12,0,6) [-0.16075640403376287,-0.1473588048425017]
(12,0,7) [-0.2042114628871457,-0.46347257758329946]
(12,0,8) [-0.25857087862419625,-0.4954824195796617]
(12,0,9) [-0.32584597113549013,-0.5223070745316116]
(12,0,10) [-0.36454173439147297,-0.5242318239994037]
(12,1,1) [-0.38709867037644424,-0.6564802100339823]
(12,1,2) [-0.23164124229061256,-0.2854837477126065]
(12,1,3) [-0.21846994306579007,-0.24709072985013614]
(12,1,4) [-0.2021752694083203,-0.20809973317190986]
(12,1,5) [-0.17888681202794637,-0.15680276699552867]
(12,1,6) [-0.1696553516008486,-0.13650998847202162]
(12,1,7) [-0.2100540929841421,-0.46268114409504174]
(12,1,8) [-0.25813056226902886,-0.49148147038740003]
(12,1,9) [-0.32429267341825974,-0.5164422657634411]
(12,1,10) [-0.36606191243006564,-0.5281019039768885]
(13,0,1) [-0.4184092505403486,-0.651222546076056]
(13,0,2) [-0.28732361111188714,-0.2834698774610556]
(13,0,3) [-0.27395445592267087,-0.2462791340966101]
(13,0,4) [-0.25793795116586865,-0.20140965255942572]
(13,0,5) [-0.24134710269336357,-0.15742479270030998]
(13,0,6) [-0.22645157156529816,-0.1505045746681384]
(13,0,7) [-0.26053401311348834,-0.45817859380777615]
(13,0,8) [-0.3129743554593576,-0.4967140142068914]
(13,0,9) [-0.3658806694950524,-0.5266120408466768]
(13,0,10) [-0.40907076868901804,-0.5253375921441533]
(13,1,1) [-0.4293805532596071,-0.6574023931783799]
(13,1,2) [-0.2863224637360933,-0.285088011642309]
(13,1,3) [-0.2734218646461304,-0.2447704217635866]
(13,1,4) [-0.2550513123840571,-0.18305430837231665]
(13,1,5) [-0.24735513567222495,-0.15743152554932008]
(13,1,6) [-0.21826210961249623,-0.13860916963359324]
(13,1,7) [-0.2591478204622248,-0.4603648960237028]
(13,1,8) [-0.31633003015955435,-0.4889983766314955]
(13,1,9) [-0.3615684562381882,-0.5125153450349825]
(13,1,10) [-0.4084975813971164,-0.5256497108804365]
(14,0,1) [-0.45777382560065305,-0.6543473978110522]
(14,0,2) [-0.34448358309779453,-0.28287971706874143]
(14,0,3) [-0.33222738791497564,-0.24498164323181654]
(14,0,4) [-0.32043609564244463,-0.20028294781509592]
(14,0,5) [-0.3092383184172145,-0.15218603993735744]
(14,0,6) [-0.28958138985040593,-0.14836359992701387]
(14,0,7) [-0.31521825778358664,-0.4633855214010124]
(14,0,8) [-0.3516817654286329,-0.4979881702783935]
(14,0,9) [-0.4085903787900345,-0.5219773845490804]
(14,0,10) [-0.44864274131821036,-0.5243622633538911]
(14,1,1) [-0.4625751435106022,-0.6555316258860541]
(14,1,2) [-0.34634201606422627,-0.28198464352125385]
(14,1,3) [-0.32977695226167325,-0.24883829531249055]
(14,1,4) [-0.3239057918182935,-0.20569112483721108]
(14,1,5) [-0.30785025874590266,-0.1578013255523274]
(14,1,6) [-0.29626713433916513,-0.13777103953965344]
(14,1,7) [-0.31310494927651167,-0.46014554305299826]
(14,1,8) [-0.3466819161669448,-0.49112399417299835]
(14,1,9) [-0.4143944484070997,-0.5222109964213435]
(14,1,10) [-0.45130560835932737,-0.5237754714701127]
(15,0,1) [-0.49661704137081136,-0.6528290939697268]
(15,0,2) [-0.3978996505596266,-0.27999821434148675]
(15,0,3) [-0.3899885380249191,-0.24303144214442968]
(15,0,4) [-0.3810933797564264,-0.20312336610351697]
(15,0,5) [-0.36888163831119386,-0.15382500802516577]
(15,0,6) [-0.3579923246537403,-0.14856808406095878]
(15,0,7) [-0.3543673346453525,-0.4621741900171118]
(15,0,8) [-0.3979976426357626,-0.5002447790043731]
(15,0,9) [-0.4499693466954418,-0.5243546250615616]
(15,0,10) [-0.487821558885543,-0.5243318804369296]
(15,1,1) [-0.49187921867652146,-0.6545736237010437]
(15,1,2) [-0.40215199444949346,-0.28200300794225336]
(15,1,3) [-0.39529386961664353,-0.24158075441896623]
(15,1,4) [-0.38739269186104747,-0.1965886419762801]
(15,1,5) [-0.3790581225805406,-0.16077896958779594]
(15,1,6) [-0.36447723147133754,-0.13618488953459087]
(15,1,7) [-0.35663782477186906,-0.45469763296885585]
(15,1,8) [-0.4033690296318501,-0.5039693593312838]
(15,1,9) [-0.45329825055527856,-0.5168208960846667]
(15,1,10) [-0.4855988310907136,-0.5249710819073289]
(16,0,1) [-0.5259832838118151,-0.6485956635298116]
(16,0,2) [-0.44926212155798734,-0.28698069107609264]
(16,0,3) [-0.44644378959233105,-0.24310346221325188]
(16,0,4) [-0.4392294217237496,-0.20224334584083434]
(16,0,5) [-0.4315767444232354,-0.15733615495206507]
(16,0,6) [-0.4051750645378491,-0.154165171255963]
(16,0,7) [-0.39332172165742296,-0.4610663007665753]
(16,0,8) [-0.43731146608063537,-0.49444690810195285]
(16,0,9) [-0.48759549342196956,-0.5221744231352325]
(16,0,10) [-0.5187515834295588,-0.5249474945852955]
(16,1,1) [-0.5358816960085414,-0.654877975429986]
(16,1,2) [-0.4550320910411667,-0.27780807129959806]
(16,1,3) [-0.4537099804585202,-0.24148362773549004]
(16,1,4) [-0.44199190140234895,-0.1915735225061355]
(16,1,5) [-0.42216980899578754,-0.1576830154565369]
(16,1,6) [-0.4166204686678078,-0.14584267334775775]
(16,1,7) [-0.39101443794102525,-0.4541321162430842]
(16,1,8) [-0.4421561246982315,-0.4930426030165625]
(16,1,9) [-0.4928122757784852,-0.5217489814102346]
(16,1,10) [-0.5286584463171179,-0.522669605234835]
(17,0,1) [-0.561376629012235,-0.4725968421033892]
(17,0,2) [-0.5164392706268476,-0.14604649567546385]
(17,0,3) [-0.5082294928520598,-0.11629604408645333]
(17,0,4) [-0.5102825206594889,-0.07469118401810192]
(17,0,5) [-0.4946749461423233,-0.04021313177253929]
(17,0,6) [-0.48399582068235614,0.01039705575858407]
(17,0,7) [-0.46309331210419435,-0.10624402600705492]
(17,0,8) [-0.4839033930502759,-0.3724801974068076]
(17,0,9) [-0.5306306835260157,-0.4075757336008701]
(17,0,10) [-0.5627537596915956,-0.407235531880381]
(17,1,1) [-0.5752620161746028,-0.480805376152635]
(17,1,2) [-0.521324981238894,-0.14190912714781204]
(17,1,3) [-0.5232429107050456,-0.11521724996539136]
(17,1,4) [-0.510444624428091,-0.059645672795035895]
(17,1,5) [-0.49553054329800034,-0.04661220672680805]
(17,1,6) [-0.4881729208018889,0.01295031763531475]
(17,1,7) [-0.4648877565963893,-0.09751362191349273]
(17,1,8) [-0.4869796451833242,-0.3730336316123776]
(17,1,9) [-0.5294559379885343,-0.40436744226483345]
(17,1,10) [-0.5659226188649092,-0.4039386327546739]
(18,0,1) [-0.6262733735880539,-0.11996200335770298]
(18,0,2) [-0.5992766725832066,0.11823152827724102]
(18,0,3) [-0.598877599140835,0.1410457358204363]
(18,0,4) [-0.5863653786199501,0.17218202464589122]
(18,0,5) [-0.5863210732162398,0.19889147470265697]
(18,0,6) [-0.5799761787943919,0.2716076519219805]
(18,0,7) [-0.564196213547774,0.3872062053881275]
(18,0,8) [-0.5671015064102042,0.1008044752168625]
(18,0,9) [-0.5893023241460028,-0.17966489233255342]
(18,0,10) [-0.6240773624750123,-0.17219357282753026]
(18,1,1) [-0.6263548358174685,-0.1169620015810639]
(18,1,2) [-0.6091301731997825,0.12450844522416377]
(18,1,3) [-0.6036787889016234,0.13828931476975814]
(18,1,4) [-0.5939368195154839,0.1757526566271045]
(18,1,5) [-0.5911484439765294,0.19473742206910302]
(18,1,6) [-0.5912877007251194,0.26929479815157387]
(18,1,7) [-0.5733494167163127,0.3893770129614569]
(18,1,8) [-0.5657263820819317,0.10615673289694526]
(18,1,9) [-0.5985510351217258,-0.17818603666969435]
(18,1,10) [-0.6307408493177394,-0.1734850378863577]
(19,0,1) [-0.7120776077396385,0.23927508322315974]
(19,0,2) [-0.7036025008077224,0.37421383287634824]
(19,0,3) [-0.6933729629681639,0.38792258100694404]
(19,0,4) [-0.6916064452755755,0.40695119430800636]
(19,0,5) [-0.6922477534876248,0.4324116180961028]
(19,0,6) [-0.6900330785214719,0.4770369214872277]
(19,0,7) [-0.6862668211805477,0.5970240046507387]
(19,0,8) [-0.6831005081152934,0.5737778253180421]
(19,0,9) [-0.685945686281476,0.2718625774928158]
(19,0,10) [-0.7024574380124872,0.06359049278944527]
(19,1,1) [-0.7171855203148966,0.24716214143896464]
(19,1,2) [-0.7081562086726545,0.3716796244879877]
(19,1,3) [-0.7005910369628703,0.3894882270234008]
(19,1,4) [-0.7011281162769932,0.4096077161271538]
(19,1,5) [-0.6940042446113378,0.4198087247868301]
(19,1,6) [-0.7051075598707502,0.4783587187432734]
(19,1,7) [-0.6980289113210938,0.5986294831521614]
(19,1,8) [-0.6944638893439549,0.5815354894365402]
(19,1,9) [-0.6930472254954715,0.275711041045565]
(19,1,10) [-0.7083605283474067,0.06311047582960665]
(20,0,1) [-0.8277373599443796,0.5935645767876214]
(20,0,2) [-0.8161232812794135,0.6184403429965316]
(20,0,3) [-0.8158803361126858,0.6268723062915992]
(20,0,4) [-0.8175258573031807,0.6363215079493391]
(20,0,5) [-0.8172241448510466,0.6509100628735021]
(20,0,6) [-0.817240864532952,0.6815105889962655]
(20,0,7) [-0.8168719270921857,0.7477390424407774]
(20,0,8) [-0.8182566275286804,0.7645521667037203]
(20,0,9) [-0.8168315915953633,0.7307147313961663]
(20,0,10) [-0.8166303805854072,0.5373201025528023]
(20,1,1) [-0.8423430983302013,0.6067955162476406]
(20,1,2) [-0.8275093047857185,0.6200481230203527]
(20,1,3) [-0.8181529609252775,0.6305682146124466]
(20,1,4) [-0.8297868003406346,0.6382702005545493]
(20,1,5) [-0.8322089930990159,0.6599345355523133]
(20,1,6) [-0.8245202692518583,0.6773793269336809]
(20,1,7) [-0.8219201824149714,0.7466830671901676]
(20,1,8) [-0.8214615745668091,0.7659915221640403]
(20,1,9) [-0.823842440797365,0.7349131374798865]
(20,1,10) [-0.8252654488106383,0.534779626930916]

(0,0,1) 0
(0,0,0) 0
(1,0,1) 0
(1,1,1) 0
(2,0,1) -1.296849533059049
(2,0,2) -0.5652082029826333
(2,0,3) -0.4830999498912618
(2,0,4) -0.39058476795923186
(2,0,5) -0.3025143188836955
(2,0,6) -0.2898506918351498
(2,0,7) -0.9251434465052306
(2,0,8) -0.990937525802187
(2,0,9) -1.0453674971435778
(2,0,10) -1.0479075334475474
(2,1,1) -0.6287794089477055
(2,1,2) -0.060462815682123264
(2,1,3) 0.004110330293185049
(2,1,4) 0.06743546790521232
(2,1,5) 0.14149658067694845
(2,1,6) 0.18893236992596163
(2,1,7) -0.17516044448644333
(2,1,8) -0.3013584920971368
(2,1,9) -0.43153157886718824
(2,1,10) -0.5079813244667668
(3,0,1) -1.2995325107430349
(3,0,2) -0.5656368000029445
(3,0,3) -0.4851727279241433
(3,0,4) -0.39377346133130886
(3,0,5) -0.3052436942122551
(3,0,6) -0.29315655547432223
(3,0,7) -0.9213904364699658
(3,0,8) -0.9927847861429687
(3,0,9) -1.0491519293425773
(3,0,10) -1.049189733436281
(3,1,1) -0.6319381008443282
(3,1,2) -0.06061191067189604
(3,1,3) 0.003980612405211013
(3,1,4) 0.08126584624995029
(3,1,5) 0.14076873115885952
(3,1,6) 0.1886666197204172
(3,1,7) -0.17490375052861992
(3,1,8) -0.29938885013279154
(3,1,9) -0.4287082508819656
(3,1,10) -0.507101325055467
(4,0,1) -1.3023072230651895
(4,0,2) -0.564414559071136
(4,0,3) -0.4836346502214355
(4,0,4) -0.39309297222935935
(4,0,5) -0.30359479696650593
(4,0,6) -0.2916285313356327
(4,0,7) -0.9232703087336108
(4,0,8) -0.9937030945841657
(4,0,9) -1.0465100017450362
(4,0,10) -1.0488517139346087
(4,1,1) -0.6316306152184523
(4,1,2) -0.05893396586523402
(4,1,3) 9.210777631142052e-05
(4,1,4) 0.06996596353149374
(4,1,5) 0.13963227380160265
(4,1,6) 0.19070544687323698
(4,1,7) -0.17538569461105966
(4,1,8) -0.3000348812306381
(4,1,9) -0.43397920826347935
(4,1,10) -0.506193454356987
(5,0,1) -1.3019658095800346
(5,0,2) -0.561775937692705
(5,0,3) -0.4843739363639038
(5,0,4) -0.396528957493546
(5,0,5) -0.3041517138137794
(5,0,6) -0.2930420128854931
(5,0,7) -0.9233497910869637
(5,0,8) -0.995029085069606
(5,0,9) -1.0480319431186358
(5,0,10) -1.0494082222813137
(5,1,1) -0.6307341027085495
(5,1,2) -0.059108052893236826
(5,1,3) 0.002450086539198123
(5,1,4) 0.07411214782943211
(5,1,5) 0.1372194012641955
(5,1,6) 0.19211924222667853
(5,1,7) -0.17284515502156106
(5,1,8) -0.3075109254261047
(5,1,9) -0.4320840536690044
(5,1,10) -0.506819962058018
(6,0,1) -1.2719655168474668
(6,0,2) -0.545906876089466
(6,0,3) -0.46328326849109935
(6,0,4) -0.3781017577497815
(6,0,5) -0.2898338267660386
(6,0,6) -0.2753445542981732
(6,0,7) -0.8678811834554635
(6,0,8) -0.9729059581835849
(6,0,9) -1.0293541967125444
(6,0,10) -1.0311827259179351
(6,1,1) -0.6312981402155337
(6,1,2) -0.057962238108377515
(6,1,3) 0.0024107057959782663
(6,1,4) 0.0771682474633557
(6,1,5) 0.13754644652170148
(6,1,6) 0.18564582987066494
(6,1,7) -0.1719030606196088
(6,1,8) -0.30203081236715834
(6,1,9) -0.43410283635696345
(6,1,10) -0.5052104790567463
(7,0,1) -1.1092940693087652
(7,0,2) -0.4211184183286839
(7,0,3) -0.34745933889251723
(7,0,4) -0.26354946493584297
(7,0,5) -0.18228865363032393
(7,0,6) -0.13414428468480946
(7,0,7) -0.5742737560268097
(7,0,8) -0.8241030838586957
(7,0,9) -0.9230646557590749
(7,0,10) -0.9236543321037114
(7,1,1) -0.5523868599891627
(7,1,2) 0.005044362611041866
(7,1,3) 0.0590035881312531
(7,1,4) 0.13914578729024243
(7,1,5) 0.18648275890288185
(7,1,6) 0.2597010290883788
(7,1,7) -0.006998612962251558
(7,1,8) -0.24741399947803894
(7,1,9) -0.37864324634432955
(7,1,10) -0.4500185620428727
(8,0,1) -0.8126116002932222
(8,0,2) -0.19696722446684473
(8,0,3) -0.130968143365427
(8,0,4) -0.05806493440103558
(8,0,5) 0.016738314987595815
(8,0,6) 0.08058673569651059
(8,0,7) -0.18409184028037553
(8,0,8) -0.4416554467168855
(8,0,9) -0.6942940077543189
(8,0,10) -0.7242856469200999
(8,1,1) -0.3847378312407897
(8,1,2) 0.12969720839665297
(8,1,3) 0.17483401931683867
(8,1,4) 0.24667430868576504
(8,1,5) 0.2965317552452303
(8,1,6) 0.37688019004769985
(8,1,7) 0.21825328392142623
(8,1,8) -0.026575432053269142
(8,1,9) -0.2739768839874195
(8,1,10) -0.34314091845090555
(9,0,1) -0.452798938975456
(9,0,2) 0.06073552042401479
(9,0,3) 0.11436213855029714
(9,0,4) 0.17830506288609402
(9,0,5) 0.24846696082421504
(9,0,6) 0.3031614217849449
(9,0,7) 0.09989966313346149
(9,0,8) -0.03032964567935646
(9,0,9) -0.2924373869975534
(9,0,10) -0.4522879491885369
(9,1,1) -0.21364266006746607
(9,1,2) 0.2430911182283383
(9,1,3) 0.2898118747278478
(9,1,4) 0.35477019925773257
(9,1,5) 0.39851351361359294
(9,1,6) 0.47418604800760444
(9,1,7) 0.31508011441341677
(9,1,8) 0.19331250457092503
(9,1,9) -0.0656882451602251
(9,1,10) -0.23350901950545935
(10,0,1) -0.0516963763887804
(10,0,2) 0.35464322530705505
(10,0,3) 0.39996975849814304
(10,0,4) 0.4526896674510343
(10,0,5) 0.510779197047895
(10,0,6) 0.5594036539074274
(10,0,7) 0.378563872341407
(10,0,8) 0.27314376596487777
(10,0,9) 0.1369315890799837
(10,0,10) -0.013810654804143127
(10,1,1) -0.04650599992824885
(10,1,2) 0.357246761927343
(10,1,3) 0.4017029724918284
(10,1,4) 0.4605827955867025
(10,1,5) 0.5103345352610569
(10,1,6) 0.5654159048826567
(10,1,7) 0.38233904778109434
(10,1,8) 0.27846290397500445
(10,1,9) 0.14508794266398692
(10,1,10) -0.015440378547286544
(11,0,1) 0.08873936971216301
(11,0,2) 0.48400414781764217
(11,0,3) 0.5253935642301971
(11,0,4) 0.573169922676054
(11,0,5) 0.6252961940445071
(11,0,6) 0.6619139691969173
(11,0,7) 0.44895991944385705
(11,0,8) 0.336273681208124
(11,0,9) 0.2159655297845486
(11,0,10) 0.15298467017495054
(11,1,1) 0.08881914641899387
(11,1,2) 0.48645532053333407
(11,1,3) 0.5260561042091607
(11,1,4) 0.5813811645615259
(11,1,5) 0.6211339803907584
(11,1,6) 0.6681639078363424
(11,1,7) 0.45310070907794003
(11,1,8) 0.3403129706685243
(11,1,9) 0.22128187921173167
(11,1,10) 0.15312287056152155
(12,0,1) -0.8419836513752741
(12,0,2) -0.5030934501006112
(12,0,3) -0.4671295985108551
(12,0,4) -0.4227600654225583
(12,0,5) -0.3813505699329517
(12,0,6) -0.34602366257130324
(12,0,7) -0.510963951036279
(12,0,8) -0.6176959944899073
(12,0,9) -0.7331823222808153
(12,0,10) -0.7965861320957257
(12,1,1) -0.8409531289603934
(12,1,2) -0.5003933336647265
(12,1,3) -0.46669916812158757
(12,1,4) -0.4173727226427956
(12,1,5) -0.3855117477637756
(12,1,6) -0.341603786244885
(12,1,7) -0.5064868072151304
(12,1,8) -0.6148437261949525
(12,1,9) -0.7300346952862006
(12,1,10) -0.7963999134420341
(13,0,1) -0.8948731644362928
(13,0,2) -0.6129422062252579
(13,0,3) -0.5839120954827147
(13,0,4) -0.5492760452148351
(13,0,5) -0.5118403791738209
(13,0,6) -0.4769157041065411
(13,0,7) -0.5934862780560148
(13,0,8) -0.695255601761155
(13,0,9) -0.808215901794243
(13,0,10) -0.8694728239781541
(13,1,1) -0.8936604530867965
(13,1,2) -0.6103797934120636
(13,1,3) -0.5828883340041127
(13,1,4) -0.5430566752009007
(13,1,5) -0.5151376669100342
(13,1,6) -0.4741254524551014
(13,1,7) -0.589507592442253
(13,1,8) -0.6934593605593379
(13,1,9) -0.8050323345115878
(13,1,10) -0.86937688099889
(14,0,1) -0.9481366881047948
(14,0,2) -0.7237145370067213
(14,0,3) -0.6992522519384141
(14,0,4) -0.6704720684510738
(14,0,5) -0.642479246252329
(14,0,6) -0.6076612065579224
(14,0,7) -0.6753905703481297
(14,0,8) -0.7741172304002184
(14,0,9) -0.8805628671175909
(14,0,10) -0.9428364747474288
(14,1,1) -0.9466555875658652
(14,1,2) -0.7208436944087938
(14,1,3) -0.6984516731868065
(14,1,4) -0.6652580406105606
(14,1,5) -0.6447066937481376
(14,1,6) -0.6067760617566932
(14,1,7) -0.6725621242802534
(14,1,8) -0.7717479768404151
(14,1,9) -0.8785383350621505
(14,1,10) -0.9426421930804113
(15,0,1) -1.0022457170585073
(15,0,2) -0.8327644404346064
(15,0,3) -0.8156829305696868
(15,0,4) -0.792432304557077
(15,0,5) -0.7716435371625868
(15,0,6) -0.7392754546436462
(15,0,7) -0.7582164445800762
(15,0,8) -0.85021358972073
(15,0,9) -0.9548326613007194
(15,0,10) -1.0155674022462304
(15,1,1) -0.9997981069964739
(15,1,2) -0.8313047701099856
(15,1,3) -0.8151315571223502
(15,1,4) -0.7888597879988252
(15,1,5) -0.7738176215038612
(15,1,6) -0.739670694135987
(15,1,7) -0.7564547961311986
(15,1,8) -0.8480603830971407
(15,1,9) -0.9528735818183556
(15,1,10) -1.0157235650946683
(16,0,1) -1.0566042645383933
(16,0,2) -0.9432343727688756
(16,0,3) -0.9322117887456017
(16,0,4) -0.9144909147525845
(16,0,5) -0.9022152386237763
(16,0,6) -0.8702914646091094
(16,0,7) -0.8408529799128999
(16,0,8) -0.9282921791344235
(16,0,9) -1.027916157801293
(16,0,10) -1.0884956323446087
(16,1,1) -1.0528938030841684
(16,1,2) -0.9424112206792781
(16,1,3) -0.9318263836245825
(16,1,4) -0.9132330922286506
(16,1,5) -0.9034048498951633
(16,1,6) -0.8710795136209473
(16,1,7) -0.8404344705553395
(16,1,8) -0.9260538287869002
(16,1,9) -1.0264506616013962
(16,1,10) -1.0891590104431552
(17,0,1) -1.1360188217800435
(17,0,2) -1.074282673677378
(17,0,3) -1.0687562766048766
(17,0,4) -1.0586114832485463
(17,0,5) -1.0495293687632758
(17,0,6) -1.0264857986715283
(17,0,7) -0.979363067684158
(17,0,8) -1.0239251192432757
(17,0,9) -1.1193244196585712
(17,0,10) -1.1803960680837093
(17,1,1) -1.132769899060686
(17,1,2) -1.0744252011180762
(17,1,3) -1.0679468067068298
(17,1,4) -1.057902988721722
(17,1,5) -1.050079895014116
(17,1,6) -1.0269180240263802
(17,1,7) -0.9792785287224945
(17,1,8) -1.0225101931542269
(17,1,9) -1.118086439714499
(17,1,10) -1.1808607592501283
(18,0,1) -1.2706574279651406
(18,0,2) -1.2476738511562278
(18,0,3) -1.2436368410284615
(18,0,4) -1.2390878116805395
(18,0,5) -1.2352740326676412
(18,0,6) -1.221558568040071
(18,0,7) -1.1928663806780095
(18,0,8) -1.1929095913630368
(18,0,9) -1.2451652657781953
(18,0,10) -1.3076260648642448
(18,1,1) -1.2686218988174454
(18,1,2) -1.2474265003833322
(18,1,3) -1.2430682397483312
(18,1,4) -1.2387880128181996
(18,1,5) -1.2338856522555164
(18,1,6) -1.2221941468189301
(18,1,7) -1.1930288384088725
(18,1,8) -1.1926881520614492
(18,1,9) -1.2445193571499304
(18,1,10) -1.308016907267612
(19,0,1) -1.460492997500363
(19,0,2) -1.4584541349199458
(19,0,3) -1.4568356592903926
(19,0,4) -1.4556507383762232
(19,0,5) -1.4523177637611826
(19,0,6) -1.4496339497025106
(19,0,7) -1.4389718358168972
(19,0,8) -1.4360013042824553
(19,0,9) -1.4407825942338637
(19,0,10) -1.4715723650875516
(19,1,1) -1.460492997500363
(19,1,2) -1.4584541349199458
(19,1,3) -1.4568356592903926
(19,1,4) -1.4556507383762232
(19,1,5) -1.4523177637611826
(19,1,6) -1.4496339497025106
(19,1,7) -1.4389718358168972
(19,1,8) -1.4360013042824553
(19,1,9) -1.4407825942338637
(19,1,10) -1.4715723650875516
(20,0,1) -1.7076923076923076
(20,0,2) -1.7076923076923076
(20,0,3) -1.7076923076923076
(20,0,4) -1.7076923076923076
(20,0,5) -1.7076923076923076
(20,0,6) -1.7076923076923076
(20,0,7) -1.7076923076923076
(20,0,8) -1.7076923076923076
(20,0,9) -1.7076923076923076
(20,0,10) -1.7076923076923076
(20,1,1) -1.7076923076923076
(20,1,2) -1.7076923076923076
(20,1,3) -1.7076923076923076
(20,1,4) -1.7076923076923076
(20,1,5) -1.7076923076923076
(20,1,6) -1.7076923076923076
(20,1,7) -1.7076923076923076
(20,1,8) -1.7076923076923076
(20,1,9) -1.7076923076923076
(20,1,10) -1.7076923076923076

(0,0,1) 70
(0,0,0) 70
(1,0,1) 70
(1,1,1) 70
(2,0,1) 70
(2,0,2) 70
(2,0,3) 70
(2,0,4) 70
(2,0,5) 70
(2,0,6) 70
(2,0,7) 70
(2,0,8) 70
(2,0,9) 70
(2,0,10) 70
(2,1,1) 0.438858775492055
(2,1,2) 0.6965568701244597
(2,1,3) 0.7326641217427727
(2,1,4) 0.7873724565339515
(2,1,5) 0.8450861158611248
(2,1,6) 0.9135172327075444
(2,1,7) 0.833297348266539
(2,1,8) 0.7219864586733268
(2,1,9) 0.5748852165330127
(2,1,10) 0.43210853846041447
(3,0,1) 70
(3,0,2) 70
(3,0,3) 70
(3,0,4) 70
(3,0,5) 70
(3,0,6) 70
(3,0,7) 70
(3,0,8) 70
(3,0,9) 70
(3,0,10) 70
(3,1,1) 70
(3,1,2) 70
(3,1,3) 70
(3,1,4) 70
(3,1,5) 70
(3,1,6) 70
(3,1,7) 70
(3,1,8) 70
(3,1,9) 70
(3,1,10) 70
(4,0,1) -0.5169862168446672
(4,0,2) -0.06501237458410801
(4,0,3) -0.009894033601277634
(4,0,4) 0.0594345565728644
(4,0,5) 0.1468650937252966
(4,0,6) 0.19492307530492337
(4,0,7) -0.001009026135600875
(4,0,8) -0.1578962219403832
(4,0,9) -0.33652137184773834
(4,0,10) -0.4584788036252212
(4,1,1) 70
(4,1,2) 70
(4,1,3) 70
(4,1,4) 70
(4,1,5) 70
(4,1,6) 70
(4,1,7) 70
(4,1,8) 70
(4,1,9) 70
(4,1,10) 70
(5,0,1) 70
(5,0,2) 70
(5,0,3) 70
(5,0,4) 70
(5,0,5) 70
(5,0,6) 70
(5,0,7) 70
(5,0,8) 70
(5,0,9) 70
(5,0,10) 70
(5,1,1) 70
(5,1,2) 70
(5,1,3) 70
(5,1,4) 70
(5,1,5) 70
(5,1,6) 70
(5,1,7) 70
(5,1,8) 70
(5,1,9) 70
(5,1,10) 70
(6,0,1) -0.5528307212271596
(6,0,2) -0.11927210635020921
(6,0,3) -0.053646667509721836
(6,0,4) 0.027944600338668045
(6,0,5) 0.11999743136141933
(6,0,6) 0.16846418582729417
(6,0,7) -0.060061441692113075
(6,0,8) -0.2141030806589296
(6,0,9) -0.3838915916259203
(6,0,10) -0.5045230499778449
(6,1,1) 70
(6,1,2) 70
(6,1,3) 70
(6,1,4) 70
(6,1,5) 70
(6,1,6) 70
(6,1,7) 70
(6,1,8) 70
(6,1,9) 70
(6,1,10) 70
(7,0,1) 70
(7,0,2) 70
(7,0,3) 70
(7,0,4) 70
(7,0,5) 70
(7,0,6) 70
(7,0,7) 70
(7,0,8) 70
(7,0,9) 70
(7,0,10) 70
(7,1,1) 70
(7,1,2) 70
(7,1,3) 70
(7,1,4) 70
(7,1,5) 70
(7,1,6) 70
(7,1,7) 70
(7,1,8) 70
(7,1,9) 70
(7,1,10) 70
(8,0,1) -0.5925613122518334
(8,0,2) -0.14855684926047938
(8,0,3) -0.08053224451078698
(8,0,4) 0.003570750352073967
(8,0,5) 0.1005996610865275
(8,0,6) 0.14675758715397882
(8,0,7) -0.12337727354198182
(8,0,8) -0.2670798761083972
(8,0,9) -0.43544249838641613
(8,0,10) -0.5507758647426504
(8,1,1) 70
(8,1,2) 70
(8,1,3) 70
(8,1,4) 70
(8,1,5) 70
(8,1,6) 70
(8,1,7) 70
(8,1,8) 70
(8,1,9) 70
(8,1,10) 70
(9,0,1) 70
(9,0,2) 70
(9,0,3) 70
(9,0,4) 70
(9,0,5) 70
(9,0,6) 70
(9,0,7) 70
(9,0,8) 70
(9,0,9) 70
(9,0,10) 70
(9,1,1) 70
(9,1,2) 70
(9,1,3) 70
(9,1,4) 70
(9,1,5) 70
(9,1,6) 70
(9,1,7) 70
(9,1,8) 70
(9,1,9) 70
(9,1,10) 70
(10,0,1) -0.6352500037813468
(10,0,2) -0.17445672243726518
(10,0,3) -0.10589218133332724
(10,0,4) -0.018762849917651443
(10,0,5) 0.08006584843344992
(10,0,6) 0.12447262379499038
(10,0,7) -0.17975453330551144
(10,0,8) -0.3259024234115059
(10,0,9) -0.4882772018170681
(10,0,10) -0.5991591025294721
(10,1,1) 70
(10,1,2) 70
(10,1,3) 70
(10,1,4) 70
(10,1,5) 70
(10,1,6) 70
(10,1,7) 70
(10,1,8) 70
(10,1,9) 70
(10,1,10) 70
(11,0,1) 70
(11,0,2) 70
(11,0,3) 70
(11,0,4) 70
(11,0,5) 70
(11,0,6) 70
(11,0,7) 70
(11,0,8) 70
(11,0,9) 70
(11,0,10) 70
(11,1,1) 70
(11,1,2) 70
(11,1,3) 70
(11,1,4) 70
(11,1,5) 70
(11,1,6) 70
(11,1,7) 70
(11,1,8) 70
(11,1,9) 70
(11,1,10) 70
(12,0,1) -0.6742899438860888
(12,0,2) -0.20320977420516817
(12,0,3) -0.12565106019229796
(12,0,4) -0.03431488094227743
(12,0,5) 0.061553018403179734
(12,0,6) 0.10506753335355681
(12,0,7) -0.24053068554058946
(12,0,8) -0.38107324192055053
(12,0,9) -0.540158738492691
(12,0,10) -0.644215315484209
(12,1,1) 70
(12,1,2) 70
(12,1,3) 70
(12,1,4) 70
(12,1,5) 70
(12,1,6) 70
(12,1,7) 70
(12,1,8) 70
(12,1,9) 70
(12,1,10) 70
(13,0,1) 70
(13,0,2) 70
(13,0,3) 70
(13,0,4) 70
(13,0,5) 70
(13,0,6) 70
(13,0,7) 70
(13,0,8) 70
(13,0,9) 70
(13,0,10) 70
(13,1,1) 70
(13,1,2) 70
(13,1,3) 70
(13,1,4) 70
(13,1,5) 70
(13,1,6) 70
(13,1,7) 70
(13,1,8) 70
(13,1,9) 70
(13,1,10) 70
(14,0,1) -0.664127959896737
(14,0,2) -0.13996880992099275
(14,0,3) -0.06873533963774162
(14,0,4) 0.02287432072552729
(14,0,5) 0.11470094590196604
(14,0,6) 0.18369034203334605
(14,0,7) -0.08749547584811597
(14,0,8) -0.3744370130093562
(14,0,9) -0.5294298947277722
(14,0,10) -0.6107137960241581
(14,1,1) 70
(14,1,2) 70
(14,1,3) 70
(14,1,4) 70
(14,1,5) 70
(14,1,6) 70
(14,1,7) 70
(14,1,8) 70
(14,1,9) 70
(14,1,10) 70
(15,0,1) 70
(15,0,2) 70
(15,0,3) 70
(15,0,4) 70
(15,0,5) 70
(15,0,6) 70
(15,0,7) 70
(15,0,8) 70
(15,0,9) 70
(15,0,10) 70
(15,1,1) 70
(15,1,2) 70
(15,1,3) 70
(15,1,4) 70
(15,1,5) 70
(15,1,6) 70
(15,1,7) 70
(15,1,8) 70
(15,1,9) 70
(15,1,10) 70
(16,0,1) -0.4451060692702032
(16,0,2) 0.026653366842651013
(16,0,3) 0.0881267867140644
(16,0,4) 0.1607776876448388
(16,0,5) 0.2382929123026514
(16,0,6) 0.3143647845852123
(16,0,7) 0.20607142965693218
(16,0,8) -0.0830739671687504
(16,0,9) -0.3888759879676862
(16,0,10) -0.4750722440084273
(16,1,1) 70
(16,1,2) 70
(16,1,3) 70
(16,1,4) 70
(16,1,5) 70
(16,1,6) 70
(16,1,7) 70
(16,1,8) 70
(16,1,9) 70
(16,1,10) 70
(17,0,1) 70
(17,0,2) 70
(17,0,3) 70
(17,0,4) 70
(17,0,5) 70
(17,0,6) 70
(17,0,7) 70
(17,0,8) 70
(17,0,9) 70
(17,0,10) 70
(17,1,1) 70
(17,1,2) 70
(17,1,3) 70
(17,1,4) 70
(17,1,5) 70
(17,1,6) 70
(17,1,7) 70
(17,1,8) 70
(17,1,9) 70
(17,1,10) 70
(18,0,1) -0.18512198160099938
(18,0,2) 0.18581132185296298
(18,0,3) 0.2357222476939513
(18,0,4) 0.2971615657421057
(18,0,5) 0.3680662930446727
(18,0,6) 0.4283928015213662
(18,0,7) 0.3606193968854109
(18,0,8) 0.2103161809664288
(18,0,9) -0.08911268304463492
(18,0,10) -0.28747229785880957
(18,1,1) 70
(18,1,2) 70
(18,1,3) 70
(18,1,4) 70
(18,1,5) 70
(18,1,6) 70
(18,1,7) 70
(18,1,8) 70
(18,1,9) 70
(18,1,10) 70
(19,0,1) 70
(19,0,2) 70
(19,0,3) 70
(19,0,4) 70
(19,0,5) 70
(19,0,6) 70
(19,0,7) 70
(19,0,8) 70
(19,0,9) 70
(19,0,10) 70
(19,1,1) 70
(19,1,2) 70
(19,1,3) 70
(19,1,4) 70
(19,1,5) 70
(19,1,6) 70
(19,1,7) 70
(19,1,8) 70
(19,1,9) 70
(19,1,10) 70
(20,0,1) 0.08336908959191851
(20,0,2) 0.34642267430919715
(20,0,3) 0.38830869015574476
(20,0,4) 0.43789798858808304
(20,0,5) 0.49539458166327965
(20,0,6) 0.544019038522812
(20,0,7) 0.4832753174935268
(20,0,8) 0.3695037941099067
(20,0,9) 0.21070754117016446
(20,0,10) 0.03147898639675999
(20,1,1) 70
(20,1,2) 70
(20,1,3) 70
(20,1,4) 70
(20,1,5) 70
(20,1,6) 70
(20,1,7) 70
(20,1,8) 70
(20,1,9) 70
(20,1,10) 70

(0,0,1) 60056275
(0,0,0) 123227929
(1,0,1) 9568357
(1,1,1) 9149419
(2,0,1) 0
(2,0,2) 0
(2,0,3) 0
(2,0,4) 0
(2,0,5) 0
(2,0,6) 0
(2,0,7) 0
(2,0,8) 0
(2,0,9) 0
(2,0,10) 0
(2,1,1) 67923
(2,1,2) 89011
(2,1,3) 89131
(2,1,4) 88990
(2,1,5) 88433
(2,1,6) 88032
(2,1,7) 88557
(2,1,8) 88193
(2,1,9) 88669
(2,1,10) 342395
(3,0,1) 0
(3,0,2) 0
(3,0,3) 0
(3,0,4) 0
(3,0,5) 0
(3,0,6) 0
(3,0,7) 0
(3,0,8) 0
(3,0,9) 0
(3,0,10) 0
(3,1,1) 152092
(3,1,2) 180284
(3,1,3) 189520
(3,1,4) 189848
(3,1,5) 189672
(3,1,6) 189616
(3,1,7) 189462
(3,1,8) 189237
(3,1,9) 189865
(3,1,10) 730279
(4,0,1) 74574
(4,0,2) 80922
(4,0,3) 89070
(4,0,4) 89310
(4,0,5) 89017
(4,0,6) 88758
(4,0,7) 88633
(4,0,8) 88683
(4,0,9) 89191
(4,0,10) 341410
(4,1,1) 158482
(4,1,2) 197590
(4,1,3) 188743
(4,1,4) 197319
(4,1,5) 197714
(4,1,6) 198202
(4,1,7) 197703
(4,1,8) 197276
(4,1,9) 197416
(4,1,10) 762326
(5,0,1) 156446
(5,0,2) 178589
(5,0,3) 178036
(5,0,4) 185984
(5,0,5) 186190
(5,0,6) 187094
(5,0,7) 185902
(5,0,8) 186007
(5,0,9) 186291
(5,0,10) 714723
(5,1,1) 168524
(5,1,2) 208527
(5,1,3) 208899
(5,1,4) 199816
(5,1,5) 209258
(5,1,6) 209218
(5,1,7) 208076
(5,1,8) 209333
(5,1,9) 208612
(5,1,10) 809754
(6,0,1) 234453
(6,0,2) 269928
(6,0,3) 270833
(6,0,4) 271106
(6,0,5) 278676
(6,0,6) 278458
(6,0,7) 277893
(6,0,8) 277792
(6,0,9) 278637
(6,0,10) 1071017
(6,1,1) 178607
(6,1,2) 222056
(6,1,3) 221654
(6,1,4) 222828
(6,1,5) 212237
(6,1,6) 222334
(6,1,7) 222285
(6,1,8) 222413
(6,1,9) 222425
(6,1,10) 867199
(7,0,1) 323192
(7,0,2) 375099
(7,0,3) 374430
(7,0,4) 375228
(7,0,5) 375193
(7,0,6) 383073
(7,0,7) 383768
(7,0,8) 383902
(7,0,9) 383902
(7,0,10) 1475755
(7,1,1) 190217
(7,1,2) 234543
(7,1,3) 234939
(7,1,4) 233916
(7,1,5) 234648
(7,1,6) 226729
(7,1,7) 234891
(7,1,8) 236349
(7,1,9) 235213
(7,1,10) 919404
(8,0,1) 408530
(8,0,2) 473542
(8,0,3) 475303
(8,0,4) 475902
(8,0,5) 475070
(8,0,6) 475744
(8,0,7) 482573
(8,0,8) 483456
(8,0,9) 483740
(8,0,10) 1864462
(8,1,1) 201746
(8,1,2) 250181
(8,1,3) 249390
(8,1,4) 250208
(8,1,5) 249723
(8,1,6) 250094
(8,1,7) 241703
(8,1,8) 250205
(8,1,9) 250416
(8,1,10) 983961
(9,0,1) 503937
(9,0,2) 589073
(9,0,3) 588898
(9,0,4) 589781
(9,0,5) 589781
(9,0,6) 588637
(9,0,7) 589631
(9,0,8) 597162
(9,0,9) 595605
(9,0,10) 2306900
(9,1,1) 214190
(9,1,2) 262545
(9,1,3) 261512
(9,1,4) 262379
(9,1,5) 261637
(9,1,6) 262525
(9,1,7) 264027
(9,1,8) 255043
(9,1,9) 266224
(9,1,10) 1045950
(10,0,1) 595623
(10,0,2) 696918
(10,0,3) 697767
(10,0,4) 698588
(10,0,5) 699719
(10,0,6) 699050
(10,0,7) 697875
(10,0,8) 698812
(10,0,9) 707397
(10,0,10) 2734271
(10,1,1) 226889
(10,1,2) 277808
(10,1,3) 276145
(10,1,4) 276384
(10,1,5) 277690
(10,1,6) 276294
(10,1,7) 277447
(10,1,8) 276664
(10,1,9) 271610
(10,1,10) 1104315
(11,0,1) 700586
(11,0,2) 821046
(11,0,3) 821417
(11,0,4) 822392
(11,0,5) 822150
(11,0,6) 820905
(11,0,7) 821168
(11,0,8) 822808
(11,0,9) 821240
(11,0,10) 3213160
(11,1,1) 0
(11,1,2) 0
(11,1,3) 0
(11,1,4) 0
(11,1,5) 0
(11,1,6) 0
(11,1,7) 0
(11,1,8) 0
(11,1,9) 0
(11,1,10) 0
(12,0,1) 1275660
(12,0,2) 1472546
(12,0,3) 1498553
(12,0,4) 1499056
(12,0,5) 1499766
(12,0,6) 1501240
(12,0,7) 1501091
(12,0,8) 1498420
(12,0,9) 1502542
(12,0,10) 5791080
(12,1,1) 102207
(12,1,2) 123260
(12,1,3) 122726
(12,1,4) 122828
(12,1,5) 123488
(12,1,6) 122392
(12,1,7) 123210
(12,1,8) 123525
(12,1,9) 125238
(12,1,10) 512008
(13,0,1) 1234518
(13,0,2) 1454707
(13,0,3) 1418755
(13,0,4) 1446968
(13,0,5) 1447500
(13,0,6) 1448139
(13,0,7) 1446610
(13,0,8) 1447426
(13,0,9) 1444709
(13,0,10) 5598735
(13,1,1) 140921
(13,1,2) 167274
(13,1,3) 168956
(13,1,4) 168014
(13,1,5) 146634
(13,1,6) 150089
(13,1,7) 169409
(13,1,8) 169213
(13,1,9) 171646
(13,1,10) 697914
(14,0,1) 1219024
(14,0,2) 1433094
(14,0,3) 1436447
(14,0,4) 1400194
(14,0,5) 1405509
(14,0,6) 1409454
(14,0,7) 1428720
(14,0,8) 1427766
(14,0,9) 1429822
(14,0,10) 5544424
(14,1,1) 141002
(14,1,2) 151997
(14,1,3) 142938
(14,1,4) 144625
(14,1,5) 143471
(14,1,6) 144050
(14,1,7) 167725
(14,1,8) 167795
(14,1,9) 170651
(14,1,10) 695835
(15,0,1) 1210050
(15,0,2) 1405277
(15,0,3) 1400270
(15,0,4) 1400986
(15,0,5) 1347710
(15,0,6) 1375643
(15,0,7) 1415039
(15,0,8) 1417835
(15,0,9) 1416238
(15,0,10) 5514107
(15,1,1) 140423
(15,1,2) 143301
(15,1,3) 142606
(15,1,4) 139672
(15,1,5) 140483
(15,1,6) 140500
(15,1,7) 167372
(15,1,8) 166718
(15,1,9) 170222
(15,1,10) 699416
(16,0,1) 1190946
(16,0,2) 1355347
(16,0,3) 1351024
(16,0,4) 1350379
(16,0,5) 1333636
(16,0,6) 1299716
(16,0,7) 1387823
(16,0,8) 1388976
(16,0,9) 1388951
(16,0,10) 5420682
(16,1,1) 140994
(16,1,2) 140989
(16,1,3) 139976
(16,1,4) 139891
(16,1,5) 136751
(16,1,6) 138859
(16,1,7) 167295
(16,1,8) 168206
(16,1,9) 170250
(16,1,10) 710343
(17,0,1) 1178361
(17,0,2) 1316108
(17,0,3) 1308880
(17,0,4) 1306110
(17,0,5) 1284273
(17,0,6) 1292617
(17,0,7) 1342141
(17,0,8) 1370456
(17,0,9) 1369043
(17,0,10) 5364131
(17,1,1) 140979
(17,1,2) 137284
(17,1,3) 136462
(17,1,4) 135633
(17,1,5) 134585
(17,1,6) 132949
(17,1,7) 166073
(17,1,8) 165774
(17,1,9) 169190
(17,1,10) 706963
(18,0,1) 1150103
(18,0,2) 1257988
(18,0,3) 1251391
(18,0,4) 1250346
(18,0,5) 1224989
(18,0,6) 1229876
(18,0,7) 1341302
(18,0,8) 1306954
(18,0,9) 1332211
(18,0,10) 5235973
(18,1,1) 116617
(18,1,2) 127070
(18,1,3) 126507
(18,1,4) 125631
(18,1,5) 125157
(18,1,6) 124737
(18,1,7) 132482
(18,1,8) 133575
(18,1,9) 142661
(18,1,10) 578578
(19,0,1) 1103119
(19,0,2) 1206832
(19,0,3) 1198496
(19,0,4) 1198665
(19,0,5) 1177913
(19,0,6) 1179942
(19,0,7) 1285822
(19,0,8) 1290703
(19,0,9) 1251779
(19,0,10) 5033578
(19,1,1) 105410
(19,1,2) 122468
(19,1,3) 121612
(19,1,4) 120887
(19,1,5) 120313
(19,1,6) 120094
(19,1,7) 130862
(19,1,8) 128389
(19,1,9) 130682
(19,1,10) 501262
(20,0,1) 1742134
(20,0,2) 1957265
(20,0,3) 1951855
(20,0,4) 1952864
(20,0,5) 1928565
(20,0,6) 1932680
(20,0,7) 2036710
(20,0,8) 2038511
(20,0,9) 2042199
(20,0,10) 7804899
(20,1,1) 102257
(20,1,2) 118796
(20,1,3) 117500
(20,1,4) 117166
(20,1,5) 116785
(20,1,6) 116441
(20,1,7) 126233
(20,1,8) 127149
(20,1,9) 125932
(20,1,10) 489042

